1 10 0.9999978313134287 0.001980227026739732 -0.0010564776537527847 10.817630821237673 -0.0019866175387959705 0.9999755299110183 -0.006688318281686951 -0.01773864680198859 0.0010432985048796622 0.0066898279834477796 0.9999770666348544 0.09769726318663628
11 19 0.9999956774590997 -0.002530760941852169 -0.0014148332005670839 10.30684792801661 0.002559925644072479 0.9997652659310641 0.02151521127617724 0.15769316157262003 0.0013609218852238837 -0.0215189248751869 0.9997674951732618 0.09639948284679703
20 28 0.9993185728678508 0.03683272701686272 0.0022016421217361123 11.00549455548179 -0.03684775453499244 0.9992941506907622 0.007353854574726028 -0.13274464015187146 -0.0019291971444908298 -0.007429288003971215 0.9999705588130332 0.08276319518340665
29 36 0.99918600342087 0.04029227538734574 -0.001967163234861691 10.211431733746513 -0.04029793624493383 0.9991838765746279 -0.0025587759576829344 -0.16356169450546093 0.0018623893460815093 0.002635638165262327 0.9999947994125629 0.05887084096813179
37 44 0.9996024033766986 0.028071814227874956 0.002704361275895591 10.721033657001476 -0.028073413852325344 0.999604812282421 0.0008449727207024342 -0.09007695952219616 -0.0026793841405549053 -0.0009207779056720097 0.9999959507115831 0.06645242646224823
45 52 0.999627514739197 0.02725387983633965 0.001401696101793648 11.25541410146683 -0.027245067278860002 0.9996134303193146 -0.005585272037420937 -0.09799593593714566 -0.001552584355747482 0.0055440796463023636 0.9999833468120218 0.10709515804524483
53 60 0.9993183979253994 0.03667066730995747 -0.004261767075038113 11.510602115420188 -0.036655961212579996 0.9993212374969885 0.003513615303370783 -0.13363840013759146 0.00438738930810897 -0.003354316268922771 0.9999847940836517 0.12280367696807236
61 68 0.9989662703602712 0.045399753938798575 0.0025162497238524362 11.684313859001636 -0.04541446764914736 0.9989459693339616 0.0066295163656211915 -0.19843383423451894 -0.0022123764305496483 -0.006736731860551545 0.9999748280643757 0.08743330054152555
69 75 0.9995588374710457 0.029593888474152487 0.0023192598064894314 10.157969047892115 -0.029588015750056804 0.9995590803947609 -0.0025191564751842156 -0.11583101485904078 -0.002392734701167936 0.0024495086514159247 0.9999941909277015 0.10000525867770318
76 82 0.9998232688006039 0.018815922003048945 -6.206167885631818e-05 10.332356873084887 -0.01881393407932767 0.9997693464587806 0.01033380624817611 -0.02742171648705215 0.0002564057141513878 -0.010331139819788861 0.9999466602941728 0.09505629162542144
83 89 0.9998376908416431 0.018019970239948373 0.00020807841639961834 10.637271130424898 -0.01801910103522938 0.9998372589010128 -0.0009960930110849385 -0.051107585230072416 -0.0002266171509374125 0.000992123723260665 0.9999995406852584 0.11050902367232471
90 96 0.9997328058211559 0.023062290973359 0.0015228978378099228 10.86497418004054 -0.023062127921693133 0.9997338863013636 -0.0001681551691866799 -0.06448342555775242 -0.0015263942000729458 0.0001327461961326798 0.9999988448366092 0.06880416448582403
97 103 0.9995360096881378 0.03042870517978858 -0.001128317211404932 11.117241252031214 -0.030419520232000136 0.9995114109740293 0.0070934653616591264 -0.08993586528071307 0.0013440580779899413 -0.007056483391991625 0.9999740868575249 0.11721649102166644
104 110 0.9995609337065973 0.02947852003204939 0.0030709079927189317 11.338587057344581 -0.029483345570150817 0.9995642995182852 0.0012652368629387724 -0.10069275519988996 -0.0030329863927063463 -0.001355238065839083 0.9999945381434202 0.1092359689014692
111 117 0.9996544365654748 0.0258166910515198 -0.004859965901591321 11.613942886280878 -0.025803252528440804 0.9996641289896093 0.0026200513666213105 -0.06324796143780305 0.00492608367462339 -0.0024945802589103356 0.9999847463688192 0.1408215568804952
118 124 0.999503735092287 0.03093599929462306 0.005873728099055239 11.789106524070307 -0.030922705541617166 0.9995190182786583 -0.0022768697574583148 -0.11359833031305905 -0.005941425460850497 0.0020941318425241368 0.9999801485432539 0.0556091524291337
125 130 0.9996332635700872 0.026967284718446602 0.002668951508268826 10.042781955492446 -0.026995930727059213 0.999570045225608 0.011503911307713362 -0.05536293199168235 -0.0023573881805430603 -0.011571568316299182 0.9999302162489763 0.1064806902349226
131 136 0.9997423509264612 0.022666472650949263 -0.0011601336503299666 10.223070519028836 -0.02266167917902693 0.9997340752704037 0.004414466453482858 -0.045171843886414154 0.0012602365299162021 -0.004386787355211412 0.9999895065652852 0.09522111428230903
137 142 0.9997499314397839 0.022211989649478927 0.0021806425653205573 10.411909408459344 -0.022202137467233946 0.9997425731535492 -0.0046610877409995165 -0.06936539343405689 -0.0022836460708519513 0.004612175047508221 0.9999867562576512 0.08195895224214092
143 148 0.999658134772376 0.02612711542341695 -0.0012991031032657298 10.501086209226164 -0.02611589278568833 0.9996259661499433 0.008211028043148823 -0.05061823654696646 0.0015125198968725354 -0.008173640441797903 0.9999655506029371 0.14108251946722603
149 154 0.999745907379372 0.022397309372054645 0.0024893283694302657 10.544163679048767 -0.02238946819211605 0.9997442224789999 -0.0034496637665300854 -0.06390166140133609 -0.0025658093191189986 0.003392798288375165 0.9999909523428211 0.08804812776724488
155 160 0.9996843432384944 0.02458981357313105 0.00514716345735844 10.58080555826109 -0.0246018892268364 0.9996940127843639 0.0022687395556924947 -0.06000698905716119 -0.0050902736691023935 -0.0023946723794839382 0.9999842459443422 0.10673476815028579
161 166 0.9998461500851704 0.017524702937858957 0.0007555289348819714 10.644508910340557 -0.01752616457271093 0.999843103720541 0.0025350625876430772 -0.03807649560226052 -0.0007107148583202638 -0.0025479059813165498 0.9999965142722114 0.11904107790413027
167 172 0.9999766252952518 0.006258775382250852 0.0028777285066034167 10.704919277644363 -0.006260969088661809 0.9999793451064953 0.0009491428116334481 0.01836855191037655 -0.002872301242264641 -0.0009664887279135108 0.9999954252668346 0.11344405867888284
173 178 0.9999601409000595 0.00807935379130323 0.0036506942439939872 10.791148592792227 -0.008068475432969282 0.9999625987428057 -0.0031186281131663643 0.010260903415206555 -0.003676237507134191 0.0030896981388264027 0.9999884714470398 0.10179354705595378
179 184 0.9999402903247874 0.010930601212326684 -0.0002931450053448472 10.904832391833851 -0.010929289523657145 0.9999333504992516 0.0037504152839780516 0.0006641050483205109 0.0003340620321237642 -0.0037466152844800246 0.9999929270687302 0.10815792750423518
185 190 0.9999680517110944 0.004127138845912295 0.00687756878000555 10.983702642580162 -0.004122845970386918 0.9999908470067969 -0.000655776837039726 0.01936260535637629 -0.006880462791319058 0.0006277774233984204 0.9999761497754606 0.08444127359608064
191 196 0.9999955717133263 -0.002827034089660712 0.0004595669958645026 11.075243519706085 0.002826841970090222 0.9999962989585411 -0.00011858983137312904 0.051962543493973216 -0.00045944388161299883 0.00011984651721574304 0.9999998937260544 0.12874231961770713
197 202 0.9999983606437244 -7.147737905296102e-05 0.0020376856016540686 11.233304040892875 7.003802471399665e-05 1.000000454756125 0.00014230232800095696 0.04301657088288666 -0.002037385914483211 -0.0001416229044566847 0.9999978430619165 0.11195171054474244
203 208 0.9999580749088915 0.006911316715260732 0.005907238802035987 11.344775438032705 -0.006939808943726072 0.9999652039197319 0.004635853586572982 0.029007776502065284 -0.005874398323306688 -0.004676587677599468 0.9999717378199027 0.1112342653543298
209 214 0.9999980816195791 0.0008589864854179273 -0.0016618423561350847 11.367782685014042 -0.0008626009398755537 0.9999973271624114 -0.002187244658124104 0.03095501296672324 0.001659858446508099 0.002189197743892204 0.9999962314078521 0.16914222238110097
215 220 0.9999992467281049 0.0007199337565664403 0.0008546435446942865 11.288552937890453 -0.0007189191510155272 1.0000000989226194 -0.0008422680094744476 0.04296790351871459 -0.0008551315753041345 0.0008408803700546887 0.9999992407311937 0.10751309623070726
221 226 0.9999943173596937 -0.0023217390899952996 0.0025384455862266114 11.25472893565737 0.002335340693457199 0.9999831907063381 -0.005262414615573723 0.026734919075864446 -0.0025268325949415558 0.005269118157972363 0.9999829187720539 0.13042132055924757
227 232 0.9999974951942504 0.0018436668458337785 0.0009491990208221708 11.217444396493898 -0.001843996954840251 0.9999984461554373 0.0005884588659008874 0.02599621012811115 -0.0009486805105202474 -0.0005898947002111951 0.9999993670632286 0.1383861411761175
233 238 0.9999981253653849 0.0008108146446524698 0.0011330945831421976 11.259619725533309 -0.0008095426315558434 0.9999993122037415 -0.0002519282352411305 0.031031969223344495 -0.0011336180069798846 0.00025144357844865146 0.9999993325344747 0.15620284891866476
239 244 0.9999964777756079 0.0022698599482383324 0.0009051242589160837 11.279169641954699 -0.002270121657191495 0.999997554950863 0.00027893887734931495 0.034177999874607644 -0.0009040118802539133 -0.0002802637825728974 0.9999995460849527 0.1418273170710253
245 250 0.9999957160654508 0.002428107811213756 0.001681072302479764 11.26979115684104 -0.002420327981797867 0.9999876113200399 -0.004376889761078646 0.021857455775419386 -0.0016917089287179098 0.004372840648924346 0.9999889396135968 0.13350618595992586
251 256 0.9999964993466285 0.002228196878612966 0.0011147196742563338 11.284725216274769 -0.00222408494917779 0.9999934969157316 -0.003154040168141253 0.027010791587383263 -0.0011211072996745771 0.003151416984302525 0.9999943170972971 0.13897167763845436
257 262 0.9999669012173499 -0.007866710170225295 0.0021611863589433306 11.20902525204839 0.007876078343223207 0.9999599539000673 -0.0042953427962112095 0.06295537650850658 -0.0021266214241446937 0.004312291319475137 0.9999883361082282 0.135941324698213
263 268 0.9999950568046145 -0.002862244965975784 -0.0012541393841877125 11.196226962829122 0.002868222650252855 0.9999831850622698 0.004875721374049898 0.06444137485012864 0.0012402888997911092 -0.0048794811513568175 0.999987356679868 0.1561894446142572
269 274 0.9999928250962824 0.001966475150776853 0.0032465654317273 11.168243347679967 -0.0019809842152097297 0.9999883720756875 0.004347393692017794 0.04443931240748118 -0.0032380186081709074 -0.004353356434191337 0.9999853193710285 0.12793021185956363
275 280 0.9999857080390949 0.004742369915025244 0.0023692581217600087 11.171165623830946 -0.004742003536360862 0.9999890312207642 -0.00019095669565163836 0.009063092005493956 -0.002370366190873572 0.00017984247165295838 0.9999971057056237 0.13417889179576845
281 286 0.9999925663799709 -0.0038654963974269524 0.0008319625634743134 11.128546522761885 0.0038706029700370063 0.9999759661828552 -0.00568169546273981 0.04497988330872504 -0.000809478543420018 0.00568453793091132 0.9999834365204537 0.14309829290736092
287 292 0.9999987314497153 -0.0011982003648766258 0.0009067355176704793 11.080508821990023 0.0011953733001540362 0.9999934262875028 0.003378523448918249 0.049098610368068556 -0.000910715054573221 -0.0033776714481069765 0.9999938766609294 0.14388989383486492
293 298 0.9999651362677578 0.00784054794031366 0.002655418033589785 11.160090752788062 -0.007851258129986112 0.9999622921559647 0.0037180294248795793 0.01401441119487026 -0.0026258964789616507 -0.0037389153406341526 0.9999895252682219 0.13188773262108516
299 304 1.0000002361923548 0.0006616788496467482 0.0009966838452502168 11.164259408687915 -0.0006568142552228331 0.9999861913144369 -0.005255283592122709 0.02498558737949087 -0.001000076442566257 0.005253842526912222 0.9999856983290384 0.1516877391978183
305 310 1.0000005555079297 0.0008666384309306559 -0.00011192540932559395 11.138493897645896 -0.0008667119422077931 0.9999988078316127 0.00017573665978877793 0.027496925298403266 0.00011234620248563983 -0.0001760102170099591 1.0000000311783892 0.14750517272681785
311 316 0.9999961153046737 -0.0011355617125248423 0.0023329674944887104 11.167706773356013 0.0011394049103066553 0.9999981124264864 -0.0014749161401555598 0.03908082446270306 -0.0023318843954892115 0.0014782659164596403 0.9999962382873099 0.13968606240228765
317 322 0.9999925270340496 0.0035709661688662084 0.0013629476142347295 11.165440578021473 -0.003570691150783727 0.9999935835215968 0.000966091489461833 0.02711065379892894 -0.0013594761532342372 -0.0009716230547376476 0.9999985555400646 0.14364362948191475
323 328 0.9999963018798999 0.0022108527479168787 0.0016756259498947126 11.199767131997948 -0.0022177974590296876 0.9999909362607801 0.0035135924540422763 0.02267121767293436 -0.0016676480968691241 -0.0035170904456235134 0.9999923738155468 0.1304801480539296
329 334 0.9999951562430529 -0.002829357338627175 0.0009691780481789113 11.171872205848642 0.002828616540945987 0.9999959544112412 -0.00011372213570954279 0.04802180448660065 -0.0009680197266310876 0.0001165672985883165 0.9999994804073937 0.15091420655080806
335 340 0.9999960278335462 -0.0017709912699680305 0.001994583978628788 11.218949489632914 0.0017751760175851129 0.9999961150430984 -0.002132616366879342 0.03791454090364208 -0.0019908969825648357 0.0021357512005855655 0.9999957377230821 0.1429131734064629
341 346 0.9999977433611698 -0.0006063613411680794 0.0021333833016024626 11.217000604761704 0.0006034091826746705 0.9999984668504655 0.0013761304641070782 0.04656881132938647 -0.0021338878297057764 -0.001374550132507076 0.9999967630120261 0.13537330628852162
347 352 0.9999932158194447 -0.003028107995990971 0.0020438684804442503 11.23636332516155 0.003029230297254107 0.9999953239065915 -9.99672410750446e-05 0.04619654760745074 -0.0020442153125815937 0.0001060896689928608 0.9999979021829554 0.1377863767485754
353 358 0.9999878398939643 -0.00446545333580135 0.002022819713830645 11.265589246729892 0.004464746444320305 0.9999905099933527 0.00023840759644920312 0.05867571490388946 -0.0020234620710924654 -0.0002295967584911002 0.9999979569352323 0.14289847875777537
359 364 0.9999873160451028 -0.004687674529720447 0.001734901611465209 11.260022302861042 0.004689810743377837 0.9999884867653662 -0.0013478084933106545 0.06688758946554263 -0.0017287548213278374 0.0013555225812259713 0.9999975369386067 0.13338961565744717
365 370 0.999996418822102 -0.0020639402281500837 0.0019009760640306059 11.290414866228675 0.0020665517155710822 0.9999972641307395 -0.001090165884428258 0.045619103955728685 -0.0018989439173608717 0.0010939177633153517 0.9999976189100085 0.14391363415781003
371 376 0.9999977458356829 -0.0014175207280920032 0.0016385123723344258 11.342912716132044 0.0014095899977363444 0.9999872803213014 0.004780541511589633 0.06202527979125322 -0.0016454138594566951 -0.004777844265735368 0.9999872858167531 0.1478715775420072
377 382 0.9999990873213537 0.0007085611688907554 0.0015202189189664269 11.360748286675543 -0.0007026389725528205 0.9999909106874609 -0.004248754636163141 0.03072104607830432 -0.0015231201575326295 0.00424781289540764 0.9999897595732862 0.1440180919485906
383 388 0.999997333832665 0.0024983779031580887 0.00022448802157624847 11.279858603415072 -0.0024990425017309623 0.9999975730284413 0.0003218102114848813 0.026133771579139004 -0.00022334674065325054 -0.0003217248783094138 0.9999998596706922 0.15586817995592872
389 394 0.9999976947410358 0.0009888314758049945 0.0018284701069551652 11.339452092121576 -0.0009889696398635846 0.999999621668802 4.1074714200695844e-05 0.04115668722807653 -0.001828308440701704 -4.317173685312781e-05 0.9999983281398325 0.13955915184753237
395 400 0.9999996650175981 -0.001407147909659046 0.0005615759623811837 11.427893747029227 0.0014079744512112504 0.9999989892379946 -0.0001771487618732128 0.04534485906314547 -0.0005614739447186642 0.0001777365924762968 0.9999999248740363 0.1505701173360891
401 406 0.999997165472838 -0.001710139653969749 0.0016568100526094239 11.370240882654754 0.0017065608967816819 0.9999962349371193 0.0020221584707355634 0.05003767830252946 -0.0016598455910579557 -0.0020199605266460123 0.999996549295138 0.14718821182783035
407 412 0.9999889619991995 -0.004599660724006025 0.0004419825611024908 11.387981849450037 0.004600760149926094 0.999989370312086 -0.0012404166845987462 0.05643010625606766 -0.0004364553649144238 0.001242200980867056 0.9999991551834676 0.15700271587461934
413 418 0.9999875943474333 -0.0045061464523236065 0.0019207090397943296 11.50598673861148 0.004508841112795456 0.9999885051576567 -0.0015614139704699284 0.05330922839660348 -0.0019140596836885219 0.001570052515059258 0.9999969883425635 0.15268108830670654
419 424 0.999996247932513 -0.002559942065424791 0.00012612883868017003 11.539097724277815 0.0025591639124807495 0.9999959709203269 0.0010608896471363748 0.049389656483259436 -0.00012861731263423697 -0.0010608790596964026 0.9999994138941852 0.16214940443744405
425 430 0.9999962228789079 -0.0027232137888557367 0.0008355821127402725 11.556250887263452 0.002722055655303243 0.9999952470927339 0.0009353038978694737 0.05096137913155239 -0.000838887492225839 -0.0009326858953645459 0.9999992892900126 0.15894831891399355
431 436 0.9999958982749166 -0.00031145896182132357 0.0029184883026282388 11.581193605488048 0.00031680537787697046 0.999998791841726 -0.0015524500487020879 0.039850722191876936 -0.0029183389850320866 0.001553734156599813 0.9999945344514105 0.14025547980985192
437 442 0.9999999908903933 0.0001816103981484477 -0.0010653091364054878 11.632764510949428 -0.0001795114941269879 0.9999983916238003 0.001739672811162774 0.048446522266670504 0.0010651564386850727 -0.001739482531556622 0.9999979535414996 0.16956370579511368
443 448 0.9999970933361543 -0.0014894760413570096 0.0016935416418103627 11.605366710622171 0.0014900402605479304 0.9999996649422309 -0.0007820103421776823 0.057333467256631465 -0.001692796712688344 0.0007850299834508883 0.999998276650201 0.1593104675627276
449 454 0.9999987279560014 -0.0011860232198297007 0.0011133589111930174 11.673257637391977 0.0011823418695968097 0.9999955278322904 0.0029595464033500803 0.04670098765212115 -0.0011165171690409482 -0.0029585458649006562 0.999994977346191 0.16006737574187124
455 460 0.9999974856056807 -0.0023752113984371413 0.00015306892145359953 11.704670701718891 0.0023762273730991872 0.9999940996591099 -0.002308509153888376 0.04863362837167308 -0.00014768224630432963 0.0023093196302410835 0.9999973269177848 0.16559850566818193
461 466 0.9999968693441936 -0.0021462371629741603 0.0012392339468636116 11.764092452820485 0.002149858750654588 0.999993132519759 -0.002906396660303735 0.06318627022759725 -0.0012325377827452238 0.0029086592457025183 0.9999949671996673 0.1522732187709453
467 472 0.9999954036380324 -0.0021357519337290394 0.002325246883273293 11.667822026020483 0.002128657204520457 0.9999946023171465 0.0025405502562748416 0.06407826894355086 -0.002331082454883396 -0.002534809712969631 0.9999940771162603 0.1471157986362951
473 478 0.9999917818228906 -0.003996629077507706 0.0010641307009699318 11.678938907996665 0.003995953568565714 0.9999915994876186 0.0005403494840506242 0.06703325219356138 -0.0010657894847223754 -0.000536705280910057 0.9999992036021138 0.16493085233425353
479 484 0.9999900168779214 -0.003950697671660013 0.0023287949807465364 11.731571735270085 0.003955321445021863 0.9999907434008957 -0.0017963368407844123 0.06249432976097147 -0.002321446012895245 0.0018060092963961074 0.999995728585736 0.15646172998461355
485 490 0.9999983858827428 -0.0015902182419789252 0.000431041045971844 11.82310145785766 0.0015885853408892645 0.9999958447521451 0.0025214837782480894 0.05756143879313375 -0.0004341741280836882 -0.002521042730843582 0.9999967171552521 0.16764093737171404
491 496 0.9999942235506166 0.001476470587834394 0.002989023860535534 11.701162227858136 -0.0014801218132894545 0.9999981061916939 0.0011132776159149167 0.028040373915358033 -0.0029879042329697984 -0.0011182992096309859 0.9999949182971768 0.16280838258166427
497 502 0.9999994189762191 -0.0003224988999964584 0.001376029304970726 11.736363788893806 0.00032298475235687695 0.9999992021320162 -0.0012929024531352408 0.0514729249531955 -0.0013756673603490552 0.0012938433463942482 0.9999981514674294 0.18420024111470892
503 508 0.9999973561756403 -0.0019628436154094492 0.00026900530921118135 11.699227483509242 0.0019634337576550096 0.9999976633432966 -0.001177076105985611 0.058426432796648255 -0.00026602717854812995 0.0011777030913011292 0.9999991982876906 0.17854510403614646
509 514 0.999996589636607 -0.0020041471052007166 0.001857706099889195 11.614920721706628 0.002011708985054766 0.999989981069559 -0.004212983239618818 0.057502783824253924 -0.0018494129637584174 0.004216871818578653 0.9999894349809728 0.1827748040150785
515 520 0.9999964201869458 -0.00227757080293543 -0.0017935215014408823 11.566100218931158 0.0022814448938323294 0.9999955911399039 0.0019872498949589095 0.0680301005175238 0.0017891922468288018 -0.001991284799737061 0.9999963568955584 0.18394207338671784
521 526 0.9999978181193612 -0.0018348164815041382 0.0008140203405098172 11.554454640540422 0.0018336598419913753 0.9999963488256421 0.0017749152111103774 0.06498308014352105 -0.0008168670240627955 -0.0017733113439957475 0.9999980324856057 0.17005813371345996
527 532 0.9999982935290082 -0.0013124649038781932 0.0010836805463321486 11.519418354583904 0.001311661439723922 0.9999973864828835 0.0017236627655313548 0.06388993572962727 -0.001086474360524727 -0.0017224890267021169 0.9999980468761379 0.17220173168236835
533 538 0.9999971778766858 0.001581683898036989 0.0016881754877909384 11.592149326827752 -0.0015856042029440745 0.9999958778890095 0.0022341540972802116 0.05108723741299443 -0.001684617986580027 -0.0022366439851006833 0.9999960817200644 0.17027345288315376
539 544 0.9999991917178539 -0.0005711996723709105 -0.0013647405792487223 11.610770103896696 0.0005596131723986174 0.9999668312790285 -0.008149947737018482 0.04473537322290594 0.0013695987058036034 0.008149691549767099 0.9999658119608366 0.17242269030640406
545 550 0.999999751748397 0.00016743014625600504 -0.00015619019803669632 11.454427144672518 -0.00016594132478366626 0.9999527176470778 0.00972536020205676 0.07046588230664351 0.00015786163451708736 -0.009724546795343177 0.9999526232238504 0.16241337144970383
551 556 0.9999985036574052 -0.001625188601891978 0.0006546553745148824 11.56619464387211 0.0016239041513372776 0.9999968657371809 0.001715677348892409 0.06808409302865058 -0.0006579491283753282 -0.0017138941204375353 0.9999983966980439 0.15955451086578673
557 562 0.9999815868808837 -0.005983053902140544 0.0005943719259033074 11.572890924629188 0.005984602786117096 0.9999796276478604 -0.0022308466478848767 0.07169486320686028 -0.0005804236374623302 0.0022346445932456436 0.9999972114315847 0.16462041277065712
563 568 0.9999909863087231 -0.003874856079717774 0.0017626675519668855 11.57039761577889 0.003868131020705678 0.9999850116018703 0.003941361153208949 0.07882786064926825 -0.0017786141661420745 -0.003935303792092302 0.9999906803523255 0.16621509379332977
569 574 0.999997544355017 -0.0023178769304688096 -0.0002268046031947047 11.521672304243824 0.0023177700170696714 0.9999956368212645 -0.0021530306698615454 0.047384108353764734 0.00023170100101911048 0.0021529641898100343 0.9999976541339083 0.17313872726116075
575 580 0.9999856053802534 0.005277268111052578 0.0007785275050264959 11.516249991281937 -0.0052815646531233175 0.9999689476342247 0.0058364651840546 0.046735020103652436 -0.0007483511762478676 -0.005840061271766386 0.9999827331429658 0.16184986259310238
581 586 0.999995964072214 0.002798257007709455 0.00023026198769524126 11.496649325148432 -0.0027983018735566224 0.9999938240113755 -0.002253744984683953 0.03694765408073112 -0.00023609501976682242 0.002252534080301038 0.9999973567351466 0.16708405915190214
587 592 0.9999972909387613 -0.00035038838510713415 -0.0023745713835819277 11.48098895815201 0.000342598512488746 0.9999933942585523 -0.003629237568731257 0.03459335198861322 0.0023761882232664748 0.003627753229588336 0.9999906072842024 0.17929587503709465
593 598 0.9999991715142569 0.0008394081131986273 0.0007066964260801533 11.399092512541984 -0.0008381089861415404 0.9999995612392817 -0.0006189739664122533 0.03432035421504484 -0.0007066991059725215 0.0006188275169472169 0.9999995384561947 0.15984072042962952
599 604 0.9999968674101355 0.0007851088623905693 0.002429335777728561 11.472845125314459 -0.0007948594347970149 0.9999932284218906 0.0035915390044854055 0.04020347132236991 -0.002426754728608523 -0.0035938132775663436 0.9999906033581402 0.15628556192609694
605 610 0.9999963070357739 -0.002708840608332292 0.0010275768274638469 11.472129503466887 0.0027110395138917683 0.9999929100344374 -0.002709954495940237 0.05024245901376002 -0.0010206777452108286 0.002712512468048392 0.9999957826813156 0.17662812910656037
611 616 0.9999886204956393 -0.00447142770585065 -0.0010600440528335082 11.615318677965453 0.004470443040675945 0.9999894495874522 -0.0006310752460172655 0.06950844458823816 0.0010635367328437335 0.0006263132347622085 0.9999992076370361 0.16334182434933095
617 622 0.9999867013689898 -0.004700672209827208 0.0017800032947240156 11.631531634098733 0.00470864127409777 0.9999818244778949 -0.0038092573837585253 0.053549956337069424 -0.00176201800459179 0.0038181062435959446 0.999991186813703 0.15740721678103076
623 628 0.999999032360819 0.00019910882530291038 0.0013913779270334095 11.666648025454352 -0.00020784875193991114 0.9999813648593746 0.006104969784353776 0.06010661321939129 -0.0013896897718567367 -0.006104647690494071 0.9999804388016534 0.16515203513541196
629 634 0.9999978212350987 0.0017838838474401786 -0.0008046852455115759 11.694048034859904 -0.0017819946658611469 0.9999942421444058 0.0028055261988966626 0.0471235775973433 0.0008094996968274044 -0.002804446420313231 0.9999958195107216 0.17639773279873272
635 640 0.999997398344688 0.002606844656606592 -0.0004096622695782036 11.702327673398349 -0.002606077834213993 0.9999927585797301 0.0026420785332728885 0.040058392631817444 0.0004168098936623347 -0.002640961631413464 0.9999963563025388 0.1666923447566061
641 646 0.9999984134136918 0.0015669136447440878 0.0008830632885791468 11.699658473249391 -0.0015684096793888054 0.9999980339413553 0.0011550107592641127 0.04130335485567458 -0.0008814920760322108 -0.0011570745362118288 0.9999989106654282 0.16050534626269805
647 652 0.9999965778351682 -0.0019714700079973132 0.0017809998916660966 11.761901171200078 0.0019780520087697767 0.9999911625832707 -0.003764640382459443 0.05078855030482481 -0.0017737679375480536 0.0037687437468153437 0.9999912830485284 0.15516278856078689
653 658 0.9999972041842269 -0.002653855407102689 0.00012979667230033034 11.79478015411029 0.002655083927436578 0.9999688131113099 -0.007466338548150383 0.054231422589980066 -0.00011017670010151282 0.007466898145082331 0.9999721449656538 0.15772553249712307
659 664 0.9999985210682786 0.0019573136565746697 8.417512279212049e-05 11.799176265173957 -0.0019570043059935803 0.9999896832298161 0.0041178737411854726 0.04799289288498063 -7.693620365697907e-05 -0.004118156378368835 0.9999916068773962 0.1570125359133178
665 670 0.9999946022261729 -0.0012924289526272477 0.002839712282089148 11.753258998408635 0.0013002584196541102 0.9999950126804322 -0.002996859856305251 0.048048827438587106 -0.0028364812479686648 0.003001207735464353 0.9999915982739512 0.1656702018008011
671 676 0.9999916103285269 -0.0030410802236606528 -0.0026253205541910936 11.758940859212988 0.0030727001989680897 0.999921766939507 0.012094964346110166 0.0992418378544784 0.002588431768536221 -0.012102817503021689 0.9999234013836077 0.1732995993599136
677 682 0.9999936225468369 -0.0035288072363857496 0.00042185666294130647 11.751839473136906 0.0035254795952001992 0.9999550222318596 0.008722561266151644 0.0942016703087279 -0.0004523780631764238 -0.008720558314574273 0.9999618820659314 0.16654558101385686
683 688 0.9999880589504582 -0.0047626448498310605 -5.7488466590324926e-05 11.744908414117637 0.004763143419756701 0.99994348492271 0.009482662805487681 0.11595687870478225 1.1673633598745305e-05 -0.009482788349385112 0.9999550687896324 0.1750405758617862
689 694 0.9999654392899762 -0.008223979770607223 0.0016195434055508771 11.770409842709624 0.008208478013244515 0.9999233832922026 0.009204314392875093 0.11586460517285355 -0.0016952515199042267 -0.009190815384399517 0.9999563146768978 0.15646373815349374
695 700 0.9999576768025309 -0.009218021597040726 0.0003543965850900077 11.77740923567461 0.009216268024715342 0.999952390283567 0.0033602808128107954 0.11326785368695419 -0.0003849845734566241 -0.0033570124489290163 0.9999942747827888 0.16294737223809339
701 706 0.9999538454962864 -0.009607455271797025 0.00011418332771709733 11.830045482026781 0.009606797874846754 0.9999500854345487 0.0028027750843309385 0.11360247380875226 -0.0001414504683316628 -0.002801975073813547 0.9999961298280062 0.16574763392913697
707 712 0.9999630712250128 -0.008407951800145644 0.0016365369446260354 11.780066296959431 0.008400448418035365 0.9999531289674278 0.004847060107548027 0.11521692745269486 -0.0016777963328936305 -0.00483316988716959 0.9999870467703091 0.1565573045228645
713 718 0.9998818404165588 -0.015344802722173506 0.0006551471980210343 11.875441286748293 0.015342174459465018 0.999880018407292 0.001971098136147029 0.13679938886462017 -0.0006860031773142527 -0.0019602793385392913 0.9999979592157202 0.16255932712526333
719 724 0.9998728483819709 -0.015897269695519835 0.0005379720123786083 11.813540415343418 0.01589776889721777 0.9998731983713426 -0.000642866869773703 0.1412010762785523 -0.0005273134677471261 0.000651028689737548 0.9999996450028784 0.1639430166216149
725 730 0.9998936697603727 -0.014540811526949549 -0.000595561537846374 11.870232445533217 0.014543491173119929 0.9998886109371962 0.0033132770903749075 0.13957273099669398 0.0005471151257616511 -0.0033223664907385373 0.9999943651104859 0.1582015509482975
731 736 0.9999088655630238 -0.01341511357625011 0.0016084880126324991 11.771157909582453 0.013417385518101106 0.999909482871574 -0.0011776158666105332 0.11562375591564993 -0.0015924159992156597 0.001198497851944462 0.9999979743534992 0.14993489418123404
737 742 0.9999440341652619 -0.010210605034303618 0.0024887378508564213 11.839929171352631 0.010208276438027354 0.9999484077064131 0.0008019960095771548 0.11534997261886655 -0.002496508848697943 -0.000776611800905035 0.9999964679805385 0.14887104321981914
743 748 0.9999494880156227 -0.01002004250228465 -0.00040443225009468827 11.880599309591663 0.010016157769417422 0.999922683464407 -0.007428890075547689 0.10520112221604364 0.0004787704821318422 0.007424454120082498 0.9999723260225303 0.1592301512722217
749 754 0.9999699653284356 -0.007746262510037153 -0.0002785964849961976 11.97927278642487 0.007746486135661617 0.999970339662412 -7.592149384368894e-05 0.10570842929316906 0.0002793426225671087 7.362695042420471e-05 0.999999942531704 0.16391829661830726
755 760 0.9999706456869265 -0.0075556887191915376 0.0008156397206261925 11.96939504062944 0.007559240643583208 0.9999608197457074 -0.004704785358984189 0.09694887863975063 -0.0007803329926514317 0.004711146910520376 0.9999885651737923 0.1795916053789357
761 766 0.9999670200562768 -0.007971758359072044 0.001283893273738271 11.928396921654377 0.007973608515545304 0.9999673677404878 -0.0013554484761348316 0.09806000229470249 -0.0012732714734354413 0.00136511216595217 0.9999982897608485 0.16314783052051135
767 772 0.9999688824241099 -0.007839297252439531 0.0009799821910066876 11.893644040694726 0.007846382322975534 0.9999353221471223 -0.00817312060416883 0.09300675266669307 -0.0009158540683285146 0.008180416448374745 0.9999661231663237 0.17145393794532285
773 778 0.9999989950865207 -3.4691091360065425e-05 0.0008804483752532446 11.836670550380624 3.654478256966061e-05 0.9999956205085906 -0.002859836120167178 0.04199410960819093 -0.0008804435530317738 0.0028596593936895897 0.999995574601132 0.16117705837350887
779 784 0.9999777122134248 0.006452919970930214 0.0015633152193441735 11.800762269696385 -0.006440993739570372 0.9999549627958321 -0.007022047955018676 0.009235319730088227 -0.0016078290099523949 0.007012675113729498 0.9999740574068463 0.1544752358428424
785 790 0.9999947563312896 0.0033978997332327642 7.684489013802131e-05 11.801947485766341 -0.0033981950247007897 0.9999667387127376 -0.007431628529056372 0.028406053050655397 -0.00010223821901653042 0.007430840360053171 0.9999723639857868 0.1645834171624439
791 796 0.9999907820881634 0.004529004260661954 -0.0004960512835645926 11.77990584241234 -0.004530529541706821 0.9999886214361376 -0.0016957731022379664 0.014543310488404456 0.000488785237654595 0.0016974861519630548 0.9999984126776111 0.16959042809794084
797 802 0.9999715621231638 0.006808016928489046 0.0031339086118222083 11.84184450866697 -0.006810008043668976 0.9999763263452598 0.0007622154499875471 0.013806414337844077 -0.003128550661750773 -0.0007832566395854224 0.9999948119709736 0.1478912167812186
803 808 0.9999680654469563 0.0076784555234234355 0.002207833613585836 11.847259608938598 -0.007669154456826623 0.9999615457613421 -0.004242972877206491 0.013801845453089228 -0.002240312660199616 0.0042254770043034665 0.9999885705403859 0.14567594614922597
809 814 0.9999549335736958 0.009264925415371371 -0.0019054398040425449 11.747453975281788 -0.009263914940768458 0.9999571036280198 0.0006911647952847488 0.003952056739760939 0.0019116233046658872 -0.0006737041258961407 0.9999979946798476 0.18142522296649208
815 820 0.999975822510918 0.006885700776949536 0.0005933327650252397 11.81814874120278 -0.006883986355038347 0.9999740687831321 -0.0022870209301914675 0.0022942116965485935 -0.0006090284077370434 0.0022829807397443417 0.9999971370303955 0.17186592874623324
821 826 0.9999848132337302 0.0054397233261461566 0.0009222573336989749 11.792284244620234 -0.005440011160128673 0.9999853756031178 0.0005623998756343539 0.012028299833646366 -0.0009192542886571418 -0.0005682515183228564 0.9999994126387286 0.1657759341842791
827 832 0.9999848398223934 0.005431299632237226 -0.0004059361482784218 11.738540296344544 -0.005432844199930811 0.9999599442711045 -0.007053460366993918 0.002402432278246542 0.0003678463788733196 0.0070563713521451235 0.9999749734423968 0.1624783859373773
833 838 0.9999527049533885 0.008887710334508296 0.003971098961214447 11.785453105194179 -0.008902891744803573 0.9999533541641258 0.003930274669193565 0.01769661689436291 -0.003935405993209197 -0.0039661246322677795 0.9999843978406481 0.14512693622496786
839 844 0.9999384394019987 0.0106309642534019 -0.003249749976981648 11.62690332542534 -0.010640388989872369 0.999939491516108 -0.002914099977291278 -0.01888122829219584 0.0032188060506451238 0.0029482649325136105 0.9999904925816435 0.18057538133595727
845 850 0.9998980216677207 0.013999584208752 0.00299169176457963 11.64183980101289 -0.013996760456769678 0.9999019540244339 -0.0007918715793955861 -0.02440231278284062 -0.003002670249178158 0.0007500676022561305 0.9999952726418007 0.1548611675120495
851 856 0.999929065129607 0.01191698779947943 7.894089716297775e-05 11.676869930502928 -0.011917007893045905 0.9999286181048817 0.00047912827221503713 -0.01848551662864022 -7.329203443339152e-05 -0.00048015417457273566 0.9999998825945957 0.16741497765419738
857 862 0.9999419300050427 0.010601427659829356 -0.0017029383755827233 11.681147252927023 -0.010606378480006217 0.9999390757238878 -0.002858407221017401 -0.012681842759141573 0.0016727215131905507 0.002876372048012481 0.9999944084234006 0.15986720050231454
863 868 0.9999669371981491 0.007376174519925374 0.0034260742009402014 11.687572121957974 -0.007382311836135694 0.9999707471787425 0.0019007809470265467 0.01392018726351231 -0.0034122575072370602 -0.0019262331081149136 0.9999923034799808 0.1443262759879804
869 874 0.9999488516133962 0.009984548881178666 -0.0016731593993251298 11.694250772527122 -0.00997850991803163 0.999942369700493 0.003926406146574205 0.014033939432061483 0.0017117128954926536 -0.003909386084206485 0.999990955595841 0.1867327616278709
875 880 0.9998873303252238 0.014799275229454597 -0.00244813708913957 11.7193488586189 -0.01478276923892986 0.9998705665174704 0.0063855528216305146 -0.00885178659678436 0.002542881269626947 -0.006348875735000788 0.9999765778442369 0.18624276237335166
881 886 0.9998294763382132 0.018235808920238558 0.002800566366914534 11.734381171827888 -0.01823507239119118 0.9998335474004609 -0.0004049631341310128 -0.0116618496634026 -0.002807520342289492 0.0003539805224596951 0.9999960912154567 0.16361115680113067
887 892 0.9998581532194478 0.016808543080521827 -0.00032101002071637793 11.600413662739864 -0.016805271208325825 0.9998199837665958 0.008750608080190276 -0.008932787098243524 0.00046738458529908675 -0.008744040579374111 0.9999616555750972 0.16749892712692305
893 898 0.9999785393246855 0.006242481048343547 -0.0020656511118620456 11.581695544701827 -0.006247432500491601 0.9999761621847231 -0.0026750746043524547 0.019122277059305623 0.0020492785880383206 0.0026883697424513885 0.9999942015372308 0.17152802269451045
899 904 0.999989181140001 0.004572471813833966 0.00029436282188607704 11.603209677935078 -0.004574410286509295 0.9999678806739838 0.006639496413888895 0.05562824214775719 -0.00026348052479905915 -0.006640473512335453 0.999977907418569 0.15877937556451693
905 910 0.9999973055812605 0.00233129186604024 -7.603960939533969e-05 11.607594253867864 -0.002331646955257378 0.9999857964974425 -0.004775493317119393 0.05295954955251967 6.48601398796864e-05 0.004775934255536466 0.9999885712810388 0.16464850526104713
911 916 0.9999964411028733 0.00037834097961392374 -0.0026435433820527917 11.730450480948317 -0.0003575175588840433 0.9999677086743448 0.008041234035821495 0.0780285987352623 0.002646854944097936 -0.00804038203371671 0.9999642018425374 0.1804861615243467
917 922 0.9999912972079421 -0.004060830389787981 0.0006198783969142394 11.506396029844247 0.004057527408305962 0.9999722743515607 0.006279195990853001 0.07370162757959682 -0.0006455031454494205 -0.006277189569572141 0.9999800341082091 0.15891108251918454
923 928 0.9999980531466832 -0.0008822676561593607 0.0016639470524702753 11.494051321134087 0.0008619726369667687 0.9999302791737001 0.011790529531764961 0.09629706676417675 -0.001673848014496674 -0.011789066860384388 0.9999290615102842 0.15730934006348393
929 934 0.9999954372060331 0.002245481130205267 -0.0022140261842788604 11.432990088489126 -0.0022334285054296126 0.9999821930977085 0.005641874205324872 0.07358599124986373 0.002226419590833964 -0.005636904276877251 0.999981603046936 0.1629956509800225
935 940 0.9999982972664848 -0.0017095094996195717 -0.0003209668840878465 11.291963056512232 0.0017102144851098581 0.9999974573695749 0.00094605318017957 0.06631489959818537 0.00031947020088298183 -0.0009470743598996352 0.9999994839350339 0.16734820364687658
941 946 0.9999973792211085 -0.002433523696075971 7.004754257554099e-05 11.336050356104092 0.0024328215250387975 0.9999834017147136 0.005259272780240825 0.0905424493366409 -8.268788978772195e-05 -0.0052589683200770015 0.9999861274321316 0.1482369298912277
947 952 0.9999926112114695 -0.003708390846072382 0.00039993137325640155 11.172961673921954 0.003708885246018682 0.9999889975140359 -0.0028264505883473508 0.08243411160178109 -0.0003889174762481431 0.0028278465451363087 0.9999958473326178 0.176785406906226
953 958 0.9999967952359916 -0.002634291247739535 -0.0007634811036606744 11.15723998874383 0.002635038735937083 0.9999972721392121 -0.000184233260817482 0.0714912950718238 0.0007631020308945107 0.00018246408696480842 0.9999998219435302 0.16431228734007025
959 964 0.9999971736410794 -0.002132923018419964 0.0002801528467491646 11.083000680197474 0.0021329976077710745 0.9999967099521995 -0.000625320182260505 0.0640220670670299 -0.0002784168719198211 0.0006259334953981793 0.9999997978336768 0.15058495637720812
965 970 0.9999944080205919 0.0032752852978448948 -0.0006065126745091287 11.059281250689898 -0.0032723282835285753 0.9999871491258366 0.003972407789739253 0.049943929920082314 0.0006196027524462644 -0.0039707032301604895 0.9999918386035799 0.15603802208511236
971 976 0.999995703673815 0.0030182136110910255 0.0001525040986858797 11.06854979182658 -0.003018597811792705 0.9999922705758009 0.0027830318535301754 0.05727623780536931 -0.00014364920897035643 -0.0027834445958934886 0.9999961545822716 0.1441176476791309
977 982 0.9999988829093691 0.0011582156970557287 0.001049929240834416 10.991474501903262 -0.0011509711335885475 0.99998465411891 -0.005330408210610886 0.054369465189399564 -0.0010551906591818345 0.00532977928268415 0.9999851408772862 0.14567025729718566
983 988 0.9999924397371162 -0.0024450731142462755 -0.003167852718581967 10.859178400402648 0.002449173120685799 0.9999964703947254 0.0014228447738599361 0.09687407596006015 0.0031636732801513493 -0.0014305418167352563 0.9999939807791591 0.1648178715359944
989 994 0.9999959326876317 -0.0006917504025810398 0.002661804882487991 10.848030281032093 0.0006873563798914179 0.9999980017883329 0.0017532092731679914 0.07631641496281018 -0.002662922617884042 -0.0017513903194006938 0.9999948970281393 0.14437381712522404
995 1000 0.9999994532487981 -9.819577870400066e-05 -0.0004427229327800988 10.79539670339236 9.924780867222042e-05 0.9999963196802624 0.002781186877274211 0.0694430996175026 0.0004429282338623438 -0.0027814160051156823 0.9999959998530493 0.14333700134614222
1001 1006 0.9999993950071875 0.0005214711062055096 -0.0007471280334364204 10.804201779611082 -0.0005240975322678708 0.9999951064679108 -0.0031718145810120963 0.062125004215008064 0.0007457420698662011 0.003172449342388812 0.9999947439779701 0.1432697965974115
1007 1012 0.9999985734164857 0.0008157607821521707 0.0017540659085159163 10.766536568837823 -0.0008064122886589228 0.9999875797529012 -0.0048510932173413636 0.06185126011165627 -0.0017576019533403612 0.004848909287663767 0.999986681746245 0.13633439166401673
1013 1018 0.9999972588761036 -0.002163450739483411 2.8726975216036918e-05 10.711503304326026 0.0021635776278722146 0.9999966134896121 0.0009533250043709838 0.07254239107062087 -3.0246197894039363e-05 -0.0009534876777126021 0.9999994799890494 0.1285867273206817
1019 1024 0.9999925793763219 -0.0024476334925996415 0.0027916724695814577 10.771770177337054 0.002439273218794871 0.9999935282458613 0.00250420617651512 0.07172642315977715 -0.0027983170707479308 -0.002497522701083047 0.9999929949929248 0.11067717264423571
1025 1030 0.9999923719749356 -0.0036664892838775024 -0.0012979624724784131 10.83759703532174 0.0036705941320467465 0.9999906998563531 0.002410641858465067 0.07642361011710078 0.0012892086714735326 -0.0024151478012294962 0.999996235424083 0.14756131704280015
1031 1036 0.9999972987882819 -0.0017182065777264417 0.001264761936362873 10.83258985471799 0.0017214867719798999 0.9999945935913125 -0.0027945093708889477 0.07298008010042159 -0.0012606265746346128 0.0027969946351923446 0.9999953279539459 0.13110765947812714
1037 1042 0.9999948600181267 -0.0021209598847091783 0.002463372445566895 10.86579623611315 0.00212481043708796 0.9999963893283192 -0.0015888894007992976 0.06742168682332952 -0.0024602653602999263 0.001594695450261316 0.9999957583748196 0.12914164538995224
1043 1048 0.9999959541327961 -0.0027624391504197186 0.0004874845099437796 10.910051748361639 0.0027619396254005557 0.9999964154740674 0.0007990774179491292 0.07605708900191163 -0.000490034197609417 -0.0007973737056209096 0.9999995789726033 0.14061302269719728
1049 1054 0.9999953691035574 -0.0028726018272598446 0.001250607411020649 10.768281304276849 0.0028700456921750632 0.9999933459827723 0.0020100337641417386 0.07288002089026119 -0.0012569960512531174 -0.0020071913495273257 0.9999972155191097 0.1303067196028616
1055 1060 0.99999264496678 -0.0025489974151122244 0.0026054704606427387 10.827104064343557 0.0025419012011116343 0.9999927188229513 0.0027037455368824083 0.0679247321013524 -0.002611795982607736 -0.002697096081962202 0.999992947100495 0.1258306226000594
1061 1066 0.9999876091021666 -0.0021387040816690473 0.00443596408413903 10.802144663533223 0.002116097009511048 0.9999847120662424 0.0052276055740585895 0.07682954074809716 -0.004446751245545373 -0.005217728351219903 0.9999765103151357 0.12719771470564742
1067 1072 0.9999933769145468 -0.003192048996016173 -0.0014369949022796087 10.809762084505746 0.003193961782034966 0.9999946611768695 0.0008865788173200879 0.08494991600901358 0.001434198366865498 -0.0008905787415299965 0.9999984966400871 0.13884316054997
1073 1078 0.999992090728464 -0.003988585898052753 -8.29317751639877e-05 10.86750344469817 0.003989088950395794 0.9999786561618587 0.005318799356094256 0.09238799889588813 6.13526822117794e-05 -0.005319462142694341 0.9999858658312691 0.14157703267794813
1079 1084 0.9998681620562913 -0.016223555165052927 -0.00040578964297589506 10.798795981557205 0.016224473368458045 0.9998677544359221 -0.0008004406775927839 0.13091076185672376 0.00041899452636780563 0.000794191288785792 0.9999996598271909 0.13353987735450837
1085 1090 0.9997438451974333 -0.022231307325257018 0.004194040335971655 10.816499767382071 0.022226055562617347 0.9997514711192999 0.0014654667666687308 0.15914674067877776 -0.004225217173129331 -0.001371201411735778 0.9999901500962516 0.12003168238693931
1091 1096 0.9997848418899958 -0.020771258985362112 0.0006362823000061764 10.799855022626343 0.020772495657465733 0.999783344125449 -0.0009202677440548523 0.15140448373068383 -0.000616527411156403 0.0009324912388943456 0.9999993099603719 0.1392410945946162
1097 1102 0.9997866724977725 -0.02063527586402025 -0.000365255304050027 10.869358811179204 0.020635803285092187 0.9997800304932977 0.0035493813305384103 0.16758149016145726 0.0002912647579576311 -0.0035559907374352476 0.999993731978253 0.1557594379784734
1103 1108 0.9995951345599369 -0.028439236926556224 0.0009118280359021218 10.84519865533392 0.028442902655490702 0.9995905753116533 -0.00329076557118835 0.19683009495927542 -0.0008170156584528292 0.003315345251562518 0.9999940474880549 0.13860418404683422
1109 1114 0.9997373683079982 -0.022849056648990673 -0.0014501921165796798 10.841793753335512 0.02285085768089255 0.999738199966541 0.0008392087512905591 0.17300743965199764 0.0014313767045579294 -0.0008729742616593911 0.9999985902943855 0.1601447572464627
1115 1120 0.9998492793421732 -0.017363561236779488 0.0003611672970529593 10.867322599490395 0.017363377463225756 0.9998482095768876 0.0017344318215495448 0.15652053431793714 -0.0003908045107258468 -0.0017283917674043824 0.9999983344172726 0.14290405960718822
1121 1126 0.9997974071930731 -0.019360534382767594 0.005581129144676073 10.87031229743587 0.01935517827771829 0.9998127145385977 0.000946278563496395 0.15345034193800888 -0.005598716967277293 -0.0008387259204518536 0.9999839667211827 0.12724882097308637
1127 1132 0.9999094131910654 -0.013427031079382852 -0.001359767512220342 10.750147587037763 0.013430684632497622 0.999904151045688 0.003256056360648458 0.14162658712061282 0.001316051247359193 -0.003274415979011476 0.9999937605229261 0.16748529380289023
1133 1138 0.9999454091544266 -0.01030724077335249 0.0018712261845679782 10.60618322094952 0.010313957998419417 0.9999420890757086 -0.0030824180511938846 0.12271944283599574 -0.001839619674600961 0.0031016045143229397 0.9999935559148767 0.16886373039701202
1139 1144 0.9999583647524678 -0.009246172761251548 -0.00014044893926421794 10.350635341807457 0.009245195705827406 0.9999447503987781 -0.005101583209400433 0.12750698780489406 0.00018732774351665763 0.00510053939663236 0.9999869856236032 0.1539557896113159
1145 1150 0.999883925014548 -0.015260483869756246 -0.000736412302919747 10.155786167395284 0.015253750204550203 0.9998391077771912 -0.00943651664276956 0.10510163616323312 0.0008795585377341531 0.009423566297839088 0.9999552363981009 0.16294409845077254
1151 1156 0.9999474451972472 -0.00983248808528622 0.0026483283125377445 10.189898503165 0.009847348299078545 0.9999369457814826 -0.005395573734811672 0.10788469361421198 -0.0025955598709818716 0.005421661610039529 0.9999819314899135 0.14751049522399898
1157 1163 0.9999836428198587 -0.00365691800954041 0.004393292141193224 12.0093684157424 0.0036926326789975873 0.9999590432252985 -0.008299196127653787 0.0855446723832017 -0.0043627536637741 0.008315141848138821 0.9999558751076237 0.17351435391834594
1164 1170 0.9999976545757155 0.0020292947020516794 -0.0004908037874416112 11.789132326787772 -0.0020361274973633475 0.9999012164875881 -0.013926000665619387 0.037111489379270876 0.00046276131829728947 0.013926774642162732 0.9999029286535931 0.18360694522562637
1171 1177 0.9999944881322729 0.0028347404897522788 -0.001686048296980773 11.512440783906316 -0.002858291615204725 0.9999047200955407 -0.013498407023740645 0.015560429359750477 0.0016481417784486294 0.01350268313351745 0.9999073437242874 0.18693899937493907
1178 1184 0.9999863589376119 0.005162425771040097 0.0006262567736917027 11.327820881808295 -0.005160881903452919 0.9999857549123444 -0.0011250099754724714 0.02425340497447409 -0.0006323795635243908 0.0011214073153342568 0.9999992306741474 0.17365678784884372
1185 1191 0.9999515884184526 0.0098201178151815 0.0002418010056503402 11.091321758935473 -0.009819800095670067 0.9999495913979474 -0.0020432711318532294 0.003638355377137023 -0.0002622716316074705 0.00204096108536269 0.9999978750964832 0.17011602431212333
1192 1198 0.9999134599496614 0.012828319801405837 0.0029880771338392695 10.83423590949272 -0.01280048899202501 0.999877047967279 -0.008992415833438452 -0.026328067099224747 -0.003103103401452132 0.008953659795780118 0.999955108653828 0.16143342198575808
1199 1205 0.9999033804777436 0.013696264640068054 -0.0022376973084273434 10.714757555215778 -0.013711330858563337 0.9998812833574681 -0.007060911768899292 -0.03303869212781368 0.0021409594203618946 0.007090421992449146 0.9999725227481246 0.18606092857326506
1206 1212 0.9998316301291227 0.018146788688067076 -0.002502801976851318 10.679354506559374 -0.01816038018708599 0.9998192579069825 -0.005692105060118007 -0.050943114500989956 0.002399660939013939 0.005736587475016196 0.9999806937863184 0.15051659923598104
1213 1219 0.9997891190447363 0.020476805296576674 -0.0011074574778588214 10.65911869761569 -0.02047753608344237 0.9997900644866509 -0.0003088690439512174 -0.056770249812992876 0.0011003715603445587 0.00033134888289738213 0.9999993876648613 0.14219512698662312
1220 1226 0.9997507921093804 0.02214426347009876 -0.0028438836211517 10.734256282491627 -0.022160106235145933 0.9997385408456514 -0.005642058470571647 -0.0957267658656775 0.0027180648138226673 0.005703334901118865 0.9999799920054842 0.1388070369467008
1227 1233 0.9996538796769407 0.02616941440049482 0.0029807737327169725 10.7184947460738 -0.026181738775738095 0.9996470354269281 0.004458776637913178 -0.07814654000527341 -0.0028628520814685692 -0.004535173161195501 0.9999856070413793 0.12229250806465969
1234 1240 0.9996717750879248 0.02559585204302746 0.0012933092664373558 10.480360214336221 -0.025595753014509007 0.9996719831760427 -0.0007249433109265383 -0.09048407904774419 -0.0013119154873220363 0.0006920830209138367 0.9999990014568177 0.14752179799522183
1241 1247 0.9997133375813968 0.023919671232876045 -0.0013780338030258197 10.376899632385532 -0.023924895591488547 0.9997070953717643 -0.003719148648325093 -0.0892437395920468 0.0012884822436014186 0.0037506753747597967 0.9999921788272901 0.15131106611748527
1248 1254 0.9997591491199429 0.021871811745089436 -0.0017843853701688278 10.323205197628196 -0.021871245694219298 0.9997607076318009 9.933859678485518e-06 -0.07897913522967667 0.0017839710676632616 2.9065834742551337e-05 0.9999984180975314 0.14287928928755345
1255 1261 0.9997657856998737 0.021570959342244615 0.0015747511308326358 10.313614610371733 -0.02157360479345613 0.9997650655516231 0.002004061883031483 -0.06581735103096015 -0.0015313512874820798 -0.0020373840505832448 0.9999968394079716 0.12731659979063334
1262 1268 0.999939966552682 0.010710278767396195 -0.0022501633857602297 10.265684322287433 -0.010696920048923773 0.9999253210161303 0.00582592615303715 -0.012277753774770283 0.0023121621269470176 -0.005801170214212176 0.9999804674446816 0.13027217730589602
1269 1275 0.9999023717995675 0.012504482537942327 0.006234446154537051 10.119619032727133 -0.012557852320513303 0.9998835915349725 0.008604697925536066 -0.0005422977457088295 -0.0061262577233300326 -0.008682659035648478 0.9999435700970168 0.11985853342354902
1276 1283 0.9959937541489593 0.08942155940462013 -0.0007961908568416014 11.457955525165865 -0.08940989838691711 0.9959536420433239 0.009100814678871411 -0.3680160012375443 0.0016069085711119938 -0.00899246461090267 0.9999582933513548 0.19615286828906706
1284 1291 0.9946461354431543 0.10333876639061479 0.0006878854813599611 11.190626031203989 -0.10333418506269312 0.9946296421240431 -0.005701006799205076 -0.47065473006350766 -0.001273131631821918 0.005598847262855856 0.99998343880988 0.17899380776090737
1292 1299 0.9986983518555114 0.05098879232477086 -0.0005521982015975063 10.961563940653551 -0.05099010261949965 0.9986976214069447 -0.0014414260608893452 -0.21153087053791322 0.00047787031492257503 0.0014676532732782453 0.9999988262291701 0.17332769211719168
1300 1307 0.995459260829974 0.09489510672274744 0.0073675538701515435 10.621189617464939 -0.09487373754173953 0.9954842931527306 -0.003179066300486215 -0.3500433224734654 -0.007635598447678924 0.002465506340237728 0.9999677845388334 0.1578971994119731
1308 1316 0.978703231910043 0.20527208803855024 -0.0015639395998600972 11.328466891700124 -0.2052016195137546 0.978519443922237 0.019795474172709313 -0.9378612283897807 0.005593465427651627 -0.01905311796337286 0.9998028076052863 0.2164947285748887
1317 1325 0.973154414766955 0.22975137403868454 -0.013562852913123587 10.84718578154354 -0.2297734540003581 0.9732444961230703 -0.00011701399062965052 -1.1735611781862416 0.013172608177380436 0.0032299586748593115 0.9999080109729358 0.24196824553511148
1326 1334 0.9943708811144565 0.10479679792147766 0.015609601680303958 10.660765128293269 -0.10470462245293442 0.9944812945255017 -0.006618643744495302 -0.6640292023160037 -0.016216913020481206 0.004947153874552357 0.9998561852693623 0.08951970284661381
1335 1343 0.9961793733361247 -0.08517823218789118 0.019257959264532352 10.575269899862242 0.08472012367408868 0.9961276320178695 0.023466386876601315 0.43169516549221726 -0.021182156643725504 -0.02174490523317495 0.9995391734816479 0.029453919416188714
1344 1352 0.9849940916806058 -0.17161949842455068 0.018271008095384397 10.550764722557973 0.17163384895642214 0.9851603218017352 0.0007676274298409064 0.9130662011987998 -0.018130950987561113 0.002379994338317054 0.9998327121724279 0.06414726734696292
1353 1361 0.9789822770310059 -0.2039369416163816 -0.0017779561035570451 10.570629689746436 0.20392853114525084 0.9787547125836068 0.021248423800729988 1.152721638706308 -0.002593795139461552 -0.021164558587237783 0.9997727255598746 0.15958664805075137
1362 1370 0.9780450905738385 -0.20839109955670826 -0.000967548926147899 10.686593384833166 0.20839201020641002 0.9780154948251978 0.007641839395476747 1.1641513417675462 -0.00064637391664801 -0.007675060400773486 0.999970356443824 0.1710795468144804
1371 1379 0.9881310984735917 -0.15360229585825227 -0.001999540637857347 10.880408223413815 0.15361284515678197 0.9879517081307084 0.018837874062969398 1.008409870377154 -0.0009178373085667288 -0.018921193730620747 0.9998205804461138 0.17473304088137873
1380 1388 0.9998065079168714 -0.019612831801118478 0.0015710091026629974 11.391998045669034 0.01958413197057535 0.9996775699685807 0.01615831452750312 0.2580720374563581 -0.001887530656771282 -0.016123600835615787 0.9998682030103613 0.1375835795904026
1389 1396 0.9999726801697025 -0.007323493640990266 -0.0008010182371631829 10.416494997570798 0.007321104957834698 0.9999720276287669 -0.0011483105650009055 0.10789774192292086 0.000809277301012958 0.0011422601180664858 0.9999990955223643 0.13308686182654844
1397 1404 0.9999570138459012 -0.007723862616598707 0.005122832603619288 10.7501419126933 0.007703506878021656 0.9999628336533082 0.0039201072260156376 0.12639322319439286 -0.005152912361437176 -0.0038809738292174332 0.9999792635787231 0.1282099887123364
1405 1412 0.999992304646651 -0.003646481475432543 -0.001578091313217121 10.870272071778864 0.0036367676975308703 0.9999785301503215 -0.005457775460447658 0.11357204285111279 0.0015987084897609999 0.005452063132412817 0.9999837390168991 0.18009362046094357
1413 1420 0.9976771353565655 0.06809524645244161 -0.0013064481548873152 10.306691515747168 -0.06809951300288658 0.99766836248197 -0.004440300306447931 -0.2177439270485315 0.0010008938464470955 0.004518636878006042 0.9999893533479485 0.1882888838793503
1421 1429 0.9907828068157937 0.13533719452007295 0.005664127816458161 10.64573742649321 -0.135192811646526 0.9905973528413243 -0.020937793020083223 -0.5955120570883032 -0.008444393823072896 0.019979138471411705 0.9997646616353819 0.1756039925304472
1430 1439 0.9632564072741018 0.26855601611520014 -0.0038407083940477363 10.533381821317422 -0.26858377950664103 0.9631674443233131 -0.013101124444628454 -1.2963860943000576 0.00018067637994516423 0.013651109677057571 0.9999067506456997 0.21675863568115286
1440 1450 0.9291230747563792 0.36968624884232787 -0.007936795632459602 10.804277843829974 -0.36976933206327034 0.9288499303212702 -0.022579525296345215 -2.089545405629461 -0.0009752873204084933 0.023913645267560547 0.9997134810930727 0.17288434894244034
1451 1460 0.9702196163157054 0.24213500576879854 -0.006679682686194989 10.064324777769384 -0.24222668954437646 0.9698784056001599 -0.025733908589198145 -1.3528284279645488 0.00024671078035329845 0.02658561748000499 0.9996465221568825 0.13492312771661502
1461 1470 0.9977575879228776 0.06677510411165413 -0.004708624346630735 11.070535918103527 -0.06685911854732599 0.9975449553571141 -0.020829961159038398 -0.4869450836618714 0.0033061087322536382 0.02109868452123686 0.9997719446100547 0.11902794802877542
1471 1479 0.9999970697402688 0.0020849768786666335 0.0012365674350570258 10.82608054859554 -0.002083907509445715 0.9999970502432477 -0.0005959524165041874 0.02413906375466949 -0.0012384280866808179 0.0005931237758039332 0.9999991568088518 0.07942790844709793
1480 1487 0.999999959110603 -5.081962593347886e-05 4.551373461310618e-05 10.308838295643627 5.128780499789263e-05 0.9999998694987836 0.0004119955898955456 0.04585719277916219 -4.5314638612159214e-05 -0.00041222089225927675 0.9999999004293498 0.08236111007846814
1488 1495 0.999994092947927 -0.0012087827071127117 0.0034842315137997323 11.113181210681606 0.0011980118865395014 0.9999942225931457 0.0030492581034024867 0.05543549993531551 -0.0034883402196023115 -0.0030445496993012394 0.999989300319022 0.09026411844565076
1496 1502 0.9999981571660506 -0.0020007905927125775 0.0008085703745654782 10.163709528897966 0.001990433366644801 0.9999071187271046 0.013481943361565323 0.08100755559015066 -0.0008358806545635559 -0.013479694166490972 0.9999088692119396 0.08830939199542712
1503 1509 0.9999997135431572 -0.0006187681733187902 0.00029063117370517786 10.75587429677361 0.0006155376184046308 0.9999626883755245 0.008589073431220225 0.09324136117113736 -0.0002960887000296711 -0.008588756401677377 0.99996308415968 0.09202706862949492
1510 1516 0.9999991874129662 0.0009538989719236985 0.000774982755332512 11.345124331148336 -0.0009550737005265887 0.9999962871195471 0.002549476606702722 0.07216604139260623 -0.0007727065856349071 -0.002550550300524733 0.9999964223256448 0.07866465447759928
1517 1523 0.9999778675349328 0.006430963856531108 0.001732578032340578 11.895165023228335 -0.00645710331537075 0.9998618976122791 0.015319601337307557 0.07933710052066056 -0.001633587568208069 -0.015330586437575724 0.9998810676261731 0.1121348801177438
1524 1529 0.9999864819768242 0.0023105583789824412 -0.004593670155153357 10.388662267278665 -0.002327766270931429 0.9999904190166451 -0.0037454997916117933 0.07286651280517058 0.004585456951974849 0.0037556069394404008 0.999982433025702 0.10748868562591236
1530 1535 0.9999844010051322 0.0015211197074957677 0.005337111879023526 10.790311940564578 -0.001539348905861532 0.9999930985574941 0.0034431412506765492 0.06685142340048611 -0.005331662230097154 -0.0034514761795136698 0.9999798661912602 0.07217711936636566
1536 1541 0.9999998403475058 -0.0006292384723848933 0.0011096498196962207 11.086470500584081 0.0006401972415134559 0.999941619816137 -0.01078817806869573 0.042806759886277655 -0.0011025899238734115 0.010788843868828673 0.9999412015860863 0.1120339278607395
1542 1547 0.9999741450056274 -0.0024010707171986325 -0.006845787470711144 11.227777160119595 0.0024223272282604407 0.9999927364017273 0.003157994326611533 0.10329134124610095 0.006838095674050518 -0.0031748895669872264 0.9999715347489025 0.13461997948040152
1548 1553 0.9999579401672389 0.002435226707343685 0.008899942845103747 11.456196610726433 -0.002492443623094935 0.9999757487549472 0.006475040367523934 0.11702899901811874 -0.008883874509069434 -0.006497818493601699 0.9999394542269042 0.08047124132007563
1554 1559 0.9999966469026699 -0.0020979745637454967 -0.0010750142412390233 11.572901190681725 0.0020954133436238602 0.9999962090471217 -0.001943901383866604 0.10486804398589224 0.001079680576422484 0.0019418453166155415 0.9999975665041541 0.17336190375542937
1560 1565 0.9999966020462745 -0.0024945116621527498 0.0008755854059000609 11.50740467947847 0.0024911368762882474 0.9999937470760777 0.0023669880195909027 0.11151106108078493 -0.0008823909609617077 -0.0023655935444805436 0.9999968634349806 0.1710895640305608
1566 1571 0.9999905070965784 0.0037820097213820195 0.002089246601899231 11.514697849965259 -0.003791621565130388 0.9999828348537604 0.0045416932605029 0.06414773283133565 -0.0020719636533992774 -0.0045498561394737074 0.9999874618073892 0.17620380857380413
1572 1577 0.9999850792186443 0.005317628887090089 -0.0009773010888846662 11.476511477751794 -0.005319160354903071 0.9999838742179912 -0.0021392640336775352 0.05197107252968002 0.0009658826985502211 0.0021439876177565026 0.9999972890423937 0.18363772717352111
1578 1583 0.9999989570711902 -0.00016580356598454538 0.0015437621252517573 11.527907504610333 0.00016897156277719986 0.9999980420594493 -0.0021087815695261195 0.0766963772268466 -0.0015440179118715218 0.0021093370919371968 0.999996611582329 0.16652500917300342
1584 1589 0.999996972960436 -0.001333812572352211 0.0020362823241525407 11.539104466381596 0.0013308951067165548 0.9999977579562211 0.001758479287219448 0.0915935741955793 -0.0020392363394995104 -0.0017551282000152102 0.999996392135561 0.17571838268677706
1590 1595 0.9999975357401066 -0.001611457817793469 -0.0013303329503708222 11.53296789416564 0.001609567308806169 0.9999975653778481 -0.0011580407533201141 0.08641528687224957 0.0013329440955702388 0.0011561686459210555 0.9999983708046305 0.1838012575724745
1596 1601 0.9999947809249489 -0.0024650979444364803 0.00168160645967552 11.574523220073884 0.0024695032811820642 0.9999937869281547 -0.002630048225731173 0.09375050839647499 -0.0016753923590271148 0.002634574951319147 0.999995180136821 0.16368294319374385
1602 1607 0.9999946913114635 -0.0017080088640780533 0.0027047896393740368 11.559139229352855 0.001701260989854582 0.9999952293528092 0.0025406371843570185 0.08846490849194288 -0.0027088227929992848 -0.002535416576812188 0.999993060962571 0.1753996953342357
1608 1613 0.9999954136575688 -0.002192718318654549 -0.0020889110045809074 11.591445381678719 0.0022012092182518445 0.9999894528861266 0.0040093804820330314 0.10456833097984626 0.002079486208946696 -0.004014188132475257 0.999989758085578 0.20332069289646937
1614 1619 0.9999902019873897 -0.003316417434336672 -0.002998379087346423 11.575705699370394 0.003317796474086164 0.9999947856242062 0.0004910969507072565 0.11429033213745494 0.0029966871080503595 -0.0005011307951275605 0.9999953933815158 0.2124532833230127
1620 1625 0.9999968438347661 -0.0023143535109525076 -0.0001810874333000378 11.65853509242924 0.0023147616668073192 0.9999873508797842 0.00437226440826916 0.11014339195020974 0.0001709619688302717 -0.004371991609600527 0.999990431361322 0.17810164640137358
1626 1631 0.999996833957883 -0.0015456307704660552 -0.002002591746120779 11.59760389713483 0.0015448759813930226 0.999998987412473 -0.0005277851885919239 0.0938635693660918 0.002003753585018504 0.0005246136702284288 0.9999977812536923 0.19828748017718897
1632 1637 0.999997304826499 0.002463030870940279 -0.0001942308797984905 11.583525193398016 -0.002462594889939678 0.9999958581012537 -0.0010798599014930198 0.08324930555103265 0.00019244373958878072 0.001080136246576172 0.9999992591511964 0.16404283468134742
1638 1643 0.9999972260005207 0.00219053574459684 0.00035834293612472076 11.622778580500233 -0.0021878841791568354 0.9999858464998596 -0.004794167142563975 0.051068312938966506 -0.00036831493862394307 0.004793406772703092 0.9999884587120017 0.17531331872592296
1644 1649 0.9999980581843494 -0.000357960060446281 -0.0019311513970597931 11.619622914532302 0.00032480074977266814 0.9998596430670208 -0.01676855330497736 0.03601633031190884 0.0019364786170269503 0.016767690586142022 0.9998575910663313 0.17729435064609672
1650 1655 0.9999919008866593 0.0039147069404983975 0.0006752787945159191 11.663103748449664 -0.003906082878183443 0.9999237865320174 -0.011717632139378327 0.03396206802456663 -0.0007214410549179141 0.01171500607366955 0.9999311303380378 0.16345811841648578
1656 1661 0.9999327267765629 0.011574702168193696 -0.0004542648967501122 11.611813581085082 -0.011574420150756463 0.9999321866636663 -0.0013772322979659695 0.004666909906392833 0.0004387989765913289 0.001382867799997853 0.9999988753589508 0.17460465368454212
1662 1667 0.999969713491141 0.007700897839412577 -0.00153117416088168 11.684055491914938 -0.0077008736067988755 0.999970468578435 0.00010553896977318621 0.045771031655871014 0.0015316870684532276 -9.465182246987759e-05 0.9999988480336333 0.18734240116335057
1668 1673 0.9999745932956499 0.0070840021211982015 0.001340263677323279 11.593887652466158 -0.007077231360700105 0.9999656183252568 -0.004359553052280113 0.024622990408703607 -0.0013710449253146624 0.004350169153712962 0.9999895594450599 0.18966995026052014
1674 1679 0.9999719039357228 0.0065192228498053405 -0.0037478427128862634 11.533771068487969 -0.006532401244733359 0.9999727817395454 -0.003678824746991406 0.015856557890223374 0.003724134901849173 0.003703650762281419 0.9999861492408809 0.2290566779675825
1680 1685 0.9999647731423227 0.008136071273079977 -0.001845513517100512 11.425921175625982 -0.008130718784818919 0.9999626164696106 0.002865053498190768 0.0324761214752093 0.0018689220457009455 -0.0028499486643709685 0.9999941838164658 0.22347237176368714
1686 1691 0.9999152769851695 0.012984718193750204 -0.0006961328362886018 11.337666426564471 -0.012982766936803445 0.9999126879621506 0.0023254211620712564 0.012504475239941887 0.0007264150435782995 -0.0023160767465038564 0.999997110594194 0.19121382724177885
1692 1697 0.9999328980399966 0.010524719830041296 -0.0049860157333952194 11.227388184815625 -0.010515543470483878 0.9999427274740085 0.0019809293884250037 0.01330769072853923 0.005007171300968745 -0.001927660648350718 0.9999855424442721 0.22031392270881747
1698 1703 0.9999474499009957 0.009896347634982745 -0.002612220978571458 11.110018694838052 -0.009901804225042552 0.9999487010441179 -0.0019313495679515505 0.01160297185052759 0.0025929466138110437 0.001957376247559779 0.9999947838657334 0.18837735110735637
1704 1709 0.9999362914957456 0.011215194382990384 -0.000989816567434003 11.016347149983055 -0.01121791610554578 0.9999318378282354 -0.0033725109900110285 0.010433557635937979 0.000952654575906193 0.003383320835630096 0.9999937631732512 0.1734112223634845
1710 1715 0.9999183953189499 0.012167125634879587 0.003676141287490805 10.864026675025418 -0.012188242508018183 0.999908716507414 0.00585580907600544 0.019121270963142634 -0.0036040262156450927 -0.005900337589429789 0.999976143328566 0.16968823922752097
1716 1721 0.9999062033440154 0.013196552250387572 -0.0036423969217001554 10.758375513370765 -0.01320089738510879 0.9999127617288882 -0.00113653485180954 0.01207171232397911 0.003626638189334131 0.001184027167128534 0.9999927488252904 0.1877667939005286
1722 1727 0.9998941107448942 0.013876161815652493 0.0043531708878334335 10.661444041199221 -0.01387484894225914 0.9999035594776357 -0.0005278033848107908 -0.0050230607459591115 -0.004359855764440667 0.0004673598485997457 0.9999904215769161 0.15986690237255188
1728 1733 0.9999025589435081 0.013870065320849277 -0.001551397677918359 10.542398812132886 -0.013867976107651135 0.9999032279952665 0.001337263270447018 0.006411752837177006 0.001570380806286793 -0.0013159604233390833 0.9999978293195275 0.19227150613405555
1734 1739 0.9998921352621201 0.014701603669143179 -0.0005915515838566747 10.362049867249546 -0.014698842734831673 0.9998859479312765 0.0035580039402274776 0.017284726247327683 0.0006432106888712465 -0.0035492150479094864 0.999993532369063 0.18541279163175478
1740 1745 0.999905991446334 0.013300129428755086 0.0030888852329271684 10.301779061752683 -0.013296929365211964 0.9999109511784982 -0.0012923181300914023 0.011239308911308525 -0.003105774333460977 0.001251407888267516 0.9999944537828855 0.16654051889882426
1746 1751 0.9999374484280152 0.010771052127658194 -0.0027034833826161055 10.19402019571791 -0.0107769080520519 0.9999409039764863 -0.00192184494619121 0.012029725316804029 0.0026829414721183976 0.0019510551057433365 0.9999945333216281 0.19024851449800906
1752 1757 0.999945338610889 0.010416359979946012 -2.7697801868454658e-05 10.062924808069432 -0.010416376918439206 0.9999350343551835 0.0046700781400613066 0.02701131088611876 7.576262139297891e-05 -0.004669516688470557 0.999989196488541 0.17267438754732253
1758 1764 0.9999416617774324 0.010747035228047484 0.001486899866493054 11.886268377766214 -0.010743321129768169 0.9999393978432134 -0.0024534401348295172 0.02829546889263743 -0.0015135514999027183 0.002437528314706424 0.9999959031095819 0.1901200117870333
1765 1771 0.9999506513241998 0.009668679491733568 -0.0022653801574686917 11.829075372253126 -0.009667629089329227 0.9999528933424326 0.0005035924085520464 0.009260527413906384 0.0022704567876411647 -0.00048210585868776356 0.9999972927086699 0.20058305603069415
1772 1778 0.9999688592915424 0.00787501075839551 0.0002912196819771188 11.790426503988593 -0.0078757158797212 0.9999553514731799 0.005270193216537627 0.03704872419236295 -0.00024924659947655884 -0.005272709978458686 0.9999860903804771 0.17730471696221745
1779 1785 0.9999984924244767 -0.00021447358927997884 0.0015473664751029586 11.786335769196537 0.00021817747789253396 0.9999975614453182 -0.0022013352030363707 0.06590437919897246 -0.0015461793830940675 0.0022018065597877033 0.9999962690135018 0.17975244952936983
1786 1792 0.9999876567558944 0.0025192530042444502 -0.004235522707670743 11.710378973432086 -0.0025059566846953965 0.9999928804550678 0.0030596563792226993 0.05471587732654834 0.004243861061268473 -0.003048903193711145 0.9999863131051434 0.19743193205499718
1793 1799 0.9999697258244667 0.0077495732857635925 0.0009668535167898982 11.782172660519018 -0.007762856662290465 0.9998627444199133 0.014656886040719394 0.05670784385904722 -0.0008529655710271623 -0.01466353173959289 0.999892070019565 0.17267609660450783
1800 1806 0.99999653996265 0.0023447845195098335 0.0009742427978316665 11.82549940944848 -0.002358020170919442 0.9999016165378333 0.013829166951422521 0.0897908182097651 -0.0009413847692846083 -0.013831412245468943 0.9999039290740694 0.1661113699743368
1807 1813 0.9999079346797871 -0.01348929743658938 0.0017859822022435134 11.865860575239607 0.013468776586793666 0.9998541153533508 0.010541189390028157 0.1663106587926343 -0.0019275856231595807 -0.010516566953912706 0.9999427275027556 0.15800178444662272
1814 1820 0.9998953520710828 -0.014456900015405096 -0.0002289866577439286 11.83666136064551 0.014457607442754634 0.9998860306536191 0.0043187249861393546 0.16182338928954984 0.00016715851679361207 -0.004321454947632427 0.9999906090372893 0.18058267398854172
1821 1827 0.9999439646170494 -0.010054949822112453 0.003347285424376918 11.776998260004039 0.01004377273571574 0.9999433689227955 0.0035904517988349523 0.14589797264537885 -0.0033834851131092965 -0.0035565594074914724 0.9999879560781392 0.16819623026696934
1828 1834 0.9999414126068797 -0.010842855355032887 -6.134896817305356e-06 11.797329724112478 0.01084253235321271 0.9999413727617223 0.0004123832162463314 0.1479623669197689 1.7303353588071605e-06 -0.0004124795118396611 0.9999998589828164 0.1740357063995265
1835 1841 0.9998398586938047 -0.017852784546524024 -0.0009299341977851619 11.68032310739452 0.017852214753819498 0.9998401024106875 0.0004148382368448773 0.14949965848092311 0.00092248979041041 -0.00043124279102195787 0.9999994353395556 0.17950307966953669
1842 1848 0.9995158347789357 -0.030178726913488912 0.0075252463606005435 11.621939360623687 0.030175278400334894 0.9995446911822501 0.00057654432541983 0.23056196984821672 -0.007538849319660422 -0.00034928216660120985 0.9999714825101235 0.1565903797521244
1849 1855 0.9995974939399508 -0.02539749459076718 -0.01267852682331638 11.5717064484773 0.025501493708395023 0.9996416317120418 0.008100716378120983 0.21899627633003058 0.012467747121049375 -0.00842122217996358 0.999886811312541 0.2711274528528668
1856 1862 0.9993374900522857 -0.03618153477986771 0.0040755617846088225 11.475275757693263 0.03620358164388076 0.9993293314757773 -0.005422654149984789 0.2354688941170305 -0.0038765110690599336 0.00556712847003255 0.9999769902402219 0.15334686279386925
1863 1869 0.999337757671873 -0.036267100854871094 0.0029549846546123772 11.358100362984601 0.036283128528678064 0.9993262377685325 -0.005666516723311629 0.23142243599737053 -0.002747620725106228 0.0057702666734612525 0.9999795695787976 0.16034043859415373
1870 1876 0.9993885280240198 -0.0349222617473904 -0.0013429208299922993 11.221899721132155 0.03492390031405738 0.999389306594006 0.0005872462243185184 0.2332635732506836 0.0013214015226097075 -0.0006336177184879231 0.999998965771029 0.18197938824512758
1877 1883 0.9995421276095191 -0.0302292945481914 -0.0015093367335050623 11.022776805146362 0.030230376869571193 0.9995417155746484 0.0012192419313626504 0.22839344791204647 0.001471494144689014 -0.0012637370122900579 0.999998124152917 0.18175866013818434
1884 1890 0.9995549484138236 -0.029779383684858836 -0.001712736755122167 10.850241309173123 0.02978204230706972 0.9995554091720005 0.0014275524871183486 0.21602049218785052 0.0016687557379918847 -0.0014778425271184713 0.9999976101668566 0.20708878082425647
1891 1897 0.9995556303548612 -0.02968645046429901 -0.0026380032752831603 10.64136380761442 0.029684274880111907 0.9995581422176262 -0.0008648540415797882 0.20641763435918567 0.0026623008562087808 0.0007857130087425246 0.9999961160237142 0.18844101825790602
1898 1904 0.9995672436673627 -0.02927090412388339 -0.0026997668261991912 10.369626251095552 0.02928268023237347 0.9995613866825944 0.004455266539173057 0.21545130032167986 0.0025689474394657843 -0.004532127430973206 0.9999863234333726 0.19014687862174712
1905 1912 0.9994312269932102 -0.0336379079858154 -0.0025459706975456096 11.612937357330452 0.03364333381279341 0.9994320588502041 0.002155573539299893 0.26489706385955525 0.002471967204258199 -0.002240789004190959 0.9999944454374429 0.22036531578539756
1913 1920 0.999470190708102 -0.03253017755123254 -0.0012762365833914571 11.32420925327802 0.03252720560556446 0.9994682426407251 -0.002214598494023724 0.2565894199034361 0.0013471789946975445 0.0021714951019428386 0.9999968204898904 0.19846140228009732
1921 1928 0.9997039673948251 -0.024020018023088677 -0.003733504342075203 11.035888048456297 0.024017199092902095 0.999711535223474 -0.0006722637294239574 0.21350258354845766 0.0037486686342419074 0.0005821515984424834 0.9999928074512511 0.19711214478922143
1929 1936 0.9996220723515761 -0.027435069955610597 -0.0018314633736229164 10.800240467570477 0.027435089256223375 0.9996233273893118 0.0002334540664544821 0.20243306231069588 0.0018242502414295425 -0.0002834107181630426 0.9999983610146512 0.16612516091438007
1937 1944 0.999813757035179 -0.018563739084178296 -0.005325325313679864 10.592132297612885 0.018574617018728413 0.9998249475874572 0.0019325883103690168 0.2128219550511961 0.0052886435670025135 -0.0020305001358625 0.9999839673244857 0.18210793938167072
1945 1952 0.9999628706435865 0.0074127729455973545 -0.0043951667685624 10.664051144359123 -0.007479264960696999 0.9998568411082736 -0.01519640818599833 0.013221293970981008 0.004281505636421768 0.01522881213354897 0.9998748830715222 0.12256376517369731
1953 1960 0.9999459875193578 0.004237223792691518 -0.009457256286210301 10.90973773266236 -0.0040933939844041345 0.9998773202284915 0.01514971954691888 0.05519230594388375 0.009520243048550045 -0.015110084165834911 0.9998405392467584 0.18710302480153934
1961 1968 0.999780308096631 -0.020369117074717752 0.004921396046184797 11.110973250425394 0.020421896254643978 0.9997318963721076 -0.010921786331776852 0.1440200575035228 -0.0046973762224625125 0.01101991967554454 0.9999282417837686 0.10093908142919969
1969 1976 0.9990766164789582 -0.042973185795741366 0.000616771914661572 11.184000110074098 0.0429746383354409 0.9990727398341981 -0.0026137133262325455 0.2835434958320591 -0.0005046867727512436 0.002637309178802655 0.9999964268880794 0.13590699115123528
1977 1984 0.9988550945486367 -0.046878338581656985 0.009604792273265923 10.695357489640283 0.04686541547617171 0.9989011032953032 0.001517082146683961 0.31889685891151315 -0.009665185000319914 -0.0010655548104567328 0.9999526771068038 0.12456239563958711
1985 1993 0.9989160517766785 -0.046545076797262004 0.00041187833317165884 10.429680153429107 0.04654113981048574 0.9988925701450831 0.006838365488941025 0.34031028889492343 -0.000730132504379807 -0.006811191001732357 0.9999765126175252 0.22857114849539786
1994 2005 0.998748023611703 -0.05001292970311743 0.0004928855868158265 10.882086097558002 0.05000729869169969 0.9987036414471522 0.009518041964577869 0.4036728609763707 -0.0009674160992225437 -0.009481116358441363 0.9999545898904197 0.2600134638102814
2006 2025 0.9987734450800247 -0.04946195254403869 -0.002131653110672433 10.331040181294036 0.04946915267294322 0.9987694400612986 0.003505862793277636 0.38717274155014003 0.0019556771664987907 -0.0036072574180156716 0.999991653161757 0.2153071941798097
2026 2115 0.9999199871218047 -0.0074186911648494915 -0.010165093689560761 10.138150542299769 0.00727388832563509 0.9998729505907689 -0.014212994495160837 0.19039035512208963 0.010269100033793943 0.014137390253149964 0.9998473600442644 0.14671095225131983
2116 2132 0.9998769113656559 7.453643890480981e-05 0.015700444271039025 9.993963497297967 8.378131975819973e-05 0.9999481089263933 -0.010166019045514377 0.02315199859197891 -0.01570081113195515 0.010165669645741419 0.99982508472775 0.02927385872144183
2133 2148 0.9997014533612057 0.024355906503745448 -0.0022432239826475388 10.469202251869767 -0.024366040143101494 0.9996918763967071 -0.0046994986097045836 0.04739620776760084 0.002127485179189826 0.004752672775112747 0.9999865674189522 0.11358585569009413
2149 2163 0.9772612836928765 0.21202187667395928 -0.002883340609462757 10.558578839518939 -0.21201357730995501 0.9772632601918371 0.0026276234866018933 -1.0490712793768133 0.0033754455351926085 -0.001957404670944766 0.9999923119359246 0.15530072531403327
2164 2178 0.9737184573635724 0.22775215873367385 -0.001533284183246192 10.158364066223623 -0.2277098960680972 0.9736305712662755 0.013778863137281754 -1.005684781927168 0.004631440317616824 -0.013068218309092534 0.9999038065599817 0.20470481773446153
2179 2193 0.8891817858306301 0.45752549287513755 0.005017507293362767 10.16202666907393 -0.4574974218500855 0.889192829744796 -0.005640082662102872 -2.6471481563874137 -0.00704156165108088 0.0027197264397877527 0.9999714625223192 0.06707266581249403
2194 2207 0.9995574171891276 0.029554609352689123 0.0035744277635373464 10.599577728640039 -0.029487173900917228 0.99940688958982 -0.01783854332354242 -0.360291735769862 -0.00410008760908094 0.01772477187105983 0.9998344509949627 0.1434490572426183
2208 2220 0.9996855475079547 0.025019248163296967 -0.001519924973252461 10.289073511564109 -0.02498810564743131 0.9995306817839336 0.017714994925179077 0.0615397335720489 0.0019623372415340182 -0.017671182837463575 0.999841922040197 0.1726120215171267
2221 2234 0.9983889866461095 0.05630356240401271 0.007019894331087167 10.525613234104599 -0.056294304066959774 0.998412782353018 -0.0014994851917995156 -0.3542297303615338 -0.007093174965379795 0.0011026416362029377 0.9999741737089668 0.1150013435776819
2235 2249 0.9997134905082957 0.023333297349991556 -0.0052945625411319535 10.46455633750731 -0.02335324518909782 0.9997202790255338 -0.00368730452682684 -0.10348776642835247 0.005207457594249559 0.0038100500931478906 0.9999791326719433 0.19501752163950978
2250 2262 0.9998840836201547 0.01387354444478753 -0.006249981458666674 10.238555758264784 -0.013883468793563796 0.999902418934931 -0.001636117396582475 -0.05073321386459254 0.006227400141297049 0.0017228907283587957 0.9999790123019681 0.11018755764796709
2263 2273 0.9999912092836177 -0.003985749638037362 0.0008869741543303622 10.654967852980867 0.003992345688885448 0.999965348180982 -0.007315581970136984 0.0461728970399104 -0.0008572675695302522 0.007318835928334069 0.9999728211580194 0.05137125051213654
2274 2283 0.9999971120036883 -0.002030326743021101 0.0013021379212765176 11.13769003150929 0.002031498945517572 0.9999980502108864 -0.0008012433369973868 0.05314565557089808 -0.0013005940231982588 0.0008035254205379124 0.9999987851746119 0.015134742783479165
2284 2292 0.9999982625685544 0.00031228398449013926 -0.0017257987232457746 11.018648604902701 -0.0003222977587321348 0.9999858108194115 -0.0052691078954673525 0.01969392083861216 0.0017250191979070854 0.00526979840753856 0.9999845313623142 0.06120396938273114
2293 2300 0.9998842810936586 0.00011788195877200755 0.015220092542872621 10.34284760284331 -0.00016205031235835428 0.9999961909181646 0.002963400002388686 0.03115363612487596 -0.015219294665730585 -0.0029651920504666003 0.999879730060449 0.006375480046268808
2301 2308 0.9999864728660542 -0.00285559372222038 0.0043455653784194165 10.281776404206557 0.0028356029161966246 0.9999862713953227 0.004562833001498675 0.06518717741534513 -0.004359040866529708 -0.004550242836530022 0.9999801811087103 0.15097313991719918
2309 2316 0.9999922215873077 -0.0002511234314432038 0.004006063750979014 10.09952568663369 0.0002415350545523736 0.9999971003275757 0.0021136717574106972 0.05239567262461648 -0.004006661770493263 -0.0021121873509009404 0.9999897307761462 0.12835012045459424
2317 2325 0.9999889679525422 -0.002908072876225392 0.003569600861194865 11.266746564203228 0.002900823933227018 0.9999929436958279 0.002268640073511986 0.07392287136811616 -0.003576168481721487 -0.002257696919683728 0.9999911502826279 0.213017724115402
2326 2334 0.9999842241730097 -0.001630629530565114 0.005420943989146392 11.028891516968747 0.0016100675046277486 0.9999915256237027 0.0038793757129260897 0.07890897391674292 -0.005427338769715994 -0.0038698784286518547 0.9999777903994467 0.1189686311041629
2335 2343 0.9999993630255243 -0.00022293001988027392 0.0008044769296789479 10.783611413733276 0.00022315265607778924 0.9999992011281525 -0.0003480250310702968 0.04943603187500567 -0.0008044644609478368 0.00034759275793244313 0.999999655470326 0.16071316564556984
2344 2352 0.999953904787848 -4.934599020934069e-06 0.009559127854071979 10.594505158203507 1.22428926956245e-05 0.9999992978620512 -0.0006896908032959511 0.047378447718958154 -0.009559394746925519 0.0006890446456649918 0.9999539971778311 0.10495824445022917
2353 2361 0.999994768053187 0.0002776046781180251 -0.003191370036814432 10.41330981889968 -0.00027852409625572354 0.9999997743397099 -0.00040505570879667297 0.05440100566612733 0.0031921345906380906 0.00040652771468735265 0.9999947482578366 0.16114481341212636
2362 2370 0.9999849839152893 0.00032411249679705655 0.0055555518039847275 10.153450189346753 -0.0002676383923197609 0.9999487762109002 -0.010096043005200152 0.03416264409040249 -0.005558664229415932 0.010094197779469247 0.9999336018549738 0.12791925586465386
2371 2380 0.9999739541127635 0.002732866544880058 0.006578114449339545 10.496455787607191 -0.0027383111677674083 0.9999951541935709 0.0008898265962434816 0.04511960795927455 -0.00657587308652547 -0.0009082529253852269 0.9999780013305155 0.1748836148474431
2381 2392 0.9999759036493158 0.004730460602876195 0.005146896027611455 10.838344027567778 -0.004729208303413364 0.9999889490136203 -0.0003289852847748632 0.029915685396001375 -0.005148078070240536 0.000304231227244021 0.9999866498872921 0.20864228619510464
2393 2407 0.9999992630947545 0.0012567406918388927 -0.0004127648914203146 10.340779979569255 -0.0012565495185808543 0.9999992094434571 -0.00018734512435327993 0.04068781083366888 0.0004121595876802404 0.00018859449089197428 0.9999999473616389 0.206751239820982
2408 2438 0.9999895735271407 -0.0027412070161538507 0.0035656227160410304 10.147083424565839 0.0027394624113171086 0.999996737735064 0.0004165639101481303 0.07133262208540793 -0.003566318270162115 -0.0004063817572274615 0.9999935289868557 0.19087946852326423
2440 2647 0.9998040622157036 -0.015740314704993492 -0.012033249752438647 10.011060850666933 0.015702668498620388 0.9998711258864029 -0.003243244098314245 0.1312515403067864 0.012082848165170447 0.003053245500091299 0.9999223525092749 0.1803095427812085
2648 2663 0.9999434674018732 0.0072378421146692875 0.0076849004478252 10.383534132974038 -0.007308501301074179 0.9999318069388329 0.00912694938191877 0.01997573583952332 -0.007618300354034923 -0.009182193191208252 0.999928849281925 0.09132958973069528
2664 2677 0.9999518838375138 -0.005244595806363258 -0.00827219487351386 10.531492710019002 0.00521760387018471 0.9999809432984367 -0.0033071670694894977 0.054500086773356125 0.0082896315474004 0.0032638053359161047 0.9999603434415816 0.1489880355286718
2678 2689 0.9999828399588676 -0.0029645071181922424 0.005195806500916896 10.622545711527263 0.0029628877850389583 0.9999950838402971 0.00034629282277230867 0.08027779346525954 -0.005196090858755507 -0.00033080548627523225 0.9999863945393477 0.07248162961556666
2690 2699 0.9999941974558014 -0.002282067508606382 -0.0027303984259211844 10.157270695078871 0.002260737630154298 0.9999702531238197 -0.00737729542112767 0.029248168459368815 0.002747357849851441 0.007370926445708296 0.9999689900929936 0.06179318108289808
2700 2708 0.9999960588251225 0.0024418213583980632 -0.0016011971997949596 10.058380052146337 -0.002417131499877297 0.9998739998419027 0.01568314143765679 0.06958624570786262 0.0016386506843223648 -0.01567924596007858 0.9998757735271919 0.0837389423857524
2709 2717 0.9999669715140035 0.002776566809843118 0.007534677230073536 10.53974870502833 -0.00278538153849422 0.9999962053457774 0.0011809517256402575 0.02986019142292911 -0.007530614175876089 -0.0012017651882257289 0.9999708553791415 0.05793602615158095
2718 2726 0.999897723121844 -0.014164883346239604 0.0019017238874667062 10.762760188396188 0.014163109352982728 0.9998991584745033 0.001154170799216526 0.14848620085796616 -0.0019187468645215108 -0.0011269748946735386 0.999997522458797 0.12111824698538884
2727 2735 0.9998915268471565 -0.014684962400710615 0.0007460986572619656 10.949774206926033 0.014683694059138367 0.9998914956002628 0.001627469149143367 0.13833101238467388 -0.0007697172921661098 -0.0016167540636238635 0.9999984453439354 0.14559427879773965
2736 2744 0.999908744460223 -0.01345055147656005 0.0013349653534051374 11.096050731204237 0.013448199037228433 0.9999061447537607 0.00256931337453393 0.13907937906023307 -0.0013699530763204323 -0.002551006289229425 0.9999958305010894 0.14395830107333477
2745 2753 0.9999818213044376 -0.006049994679538959 0.0006473720554016068 11.377539978093234 0.006050595628155969 0.9999814390146035 -0.000471934659739674 0.10221417064553266 -0.0006444797230896188 0.0004758226592146001 0.9999997369969186 0.1306392840141017
2754 2761 0.9999643710710134 -0.007534683429265301 0.0037556039955601583 10.231238947668077 0.00753405220552353 0.9999716417602643 0.0001719622967408176 0.08486395463971237 -0.0037563051180556726 -0.0001439499015937403 0.9999928907993273 0.10678578690287281
2762 2769 0.9999692528916475 -0.007696570316467768 0.0012624240056061105 10.41665861696928 0.00769768537820568 0.9999699816096186 -0.0010563396637304962 0.08777682172656459 -0.0012533714657447764 0.0010661601960001096 0.9999986122442284 0.1218521777883439
2770 2777 0.9999859337960079 -0.004872149774046238 0.0019385433538884305 10.595469504296647 0.004882717819938999 0.9999739476719948 -0.005152081339367522 0.07073695300189803 -0.0019127552118125325 0.005161214645228949 0.9999847038569771 0.12310929094479121
2778 2785 0.9999548287103103 0.009478909791934047 -0.00048403111482138303 10.798113822855088 -0.009474855716238732 0.9999298028119779 0.007075410160183511 0.025994989069293928 0.0005507123468064447 -0.007069736366126282 0.9999748558788013 0.12807951408156615
2786 2793 0.9999221283467709 0.01245733697161517 -0.0004047384808632917 11.065156694384475 -0.012459351546675306 0.9999207576109754 -0.0017007128494738162 -0.014612168639296215 0.0003836411024426936 0.0017051769823963085 0.9999985297261251 0.1098717635315131
2794 2801 0.999936810107633 0.010481605447196446 0.004127571635340937 11.428356665749105 -0.010474918999389278 0.9999439973039363 -0.0013244213822085457 -0.001163812201146884 -0.004141182220124179 0.0012812764637251096 0.9999905505523926 0.08968711026961397
2802 2808 0.9999469303056953 0.010164028510104891 -0.0017086091747487914 10.0228903369142 -0.010151272033288163 0.9999225169291238 0.007281888621514495 0.0140053341735015 0.0017826385625309916 -0.007264229687861735 0.9999719706987399 0.11024795216297402
2809 2815 0.9999531585731646 0.009532054788074158 0.0011456038815900555 10.329262317048336 -0.009534786638114445 0.9999501434308513 0.0027820562597307354 0.016469925572370054 -0.0011187943588633084 -0.0027925563125375526 0.9999954763993919 0.1115322145798539
2816 2822 0.9999719218464019 0.007355759841003343 0.0015210017927600697 10.555954782528602 -0.007355518775494856 0.9999727171531912 0.0004427767072458036 0.011350316288299004 -0.0015173910750035675 -0.00045319610631144007 0.9999987407841432 0.12451104767296028
2823 2829 0.9999963183767855 0.002605595017024341 0.0001460130894590181 10.700183886218529 -0.00260488501670417 0.9999826863187573 -0.005264338252683239 0.02799122845907788 -0.00016021928751988195 0.005263476036542339 0.9999862512876448 0.13520523484272695
2830 2836 0.9999974160598389 0.0016172498219187358 0.001781518084757455 10.865332818048314 -0.001627103076923061 0.9999840337549826 0.005554858761365218 0.05779686595658981 -0.0017727706099625 -0.0055574701787981145 0.9999830931801384 0.11488683040008014
2837 2843 0.9999913375800877 -0.00413806181943206 -0.0004084093259770058 10.96970603228166 0.0041351366268044054 0.9999655155715801 -0.007193393639075006 0.05374029812687141 0.0004374080624833176 0.007191233397374531 0.99997405001841 0.14409428990615525
2844 2850 0.999976510956258 -0.00679732141637275 -0.0013699163482165932 10.94013674985284 0.0067924378783308734 0.9999711407690814 -0.003458676135874516 0.07403228126029111 0.0013937398094150922 0.003448820191166782 0.9999930455410774 0.1580551867826497
2851 2857 0.9999797278926235 -0.005445618095726348 0.003298551529601444 10.822744911749338 0.005442636158144089 0.9999850563900312 0.0009689045385261504 0.08579354921089574 -0.0033032915627629737 -0.0009507097433313208 0.999994121892372 0.1506347764604439
2858 2864 0.9999973041738006 0.0007928211249667741 0.0022747959192665657 10.540949445111234 -0.0007975209417397139 0.9999980428942686 0.0018870373481653675 0.050724103973225736 -0.0022730616878364578 -0.001888876055085729 0.9999956190232394 0.170986375261767
2865 2871 0.9999883713223243 -0.004724402886590209 0.0006422442191817357 10.044643769963459 0.004726740533605054 0.9999819210698543 -0.003839452415554687 0.0617703414396078 -0.000623747464861602 0.003842161958214083 0.9999923244994133 0.1785356508374168
2872 2879 0.9999866691059595 -0.004990826415919045 0.0007463739037135845 11.17201114772374 0.0049912348981684665 0.9999877775467433 -8.865793028168152e-05 0.0788821787241973 -0.0007453424905334326 9.28847915471073e-05 0.9999996414219828 0.18623469331412543
2880 2887 0.9999948961125944 -0.0025509199384438365 -0.0019237012288916527 10.727140061620076 0.002553757815239472 0.9999947458408206 0.0015579285250406339 0.07276424739493254 0.0019191973648033267 -0.001562462015705926 0.9999969604236997 0.18051922205628684
2888 2895 0.9999926939153613 0.0037738133564168214 0.0008470253552274863 10.58238682367654 -0.0037767707252870913 0.9999876559116775 0.0034193951373242323 0.04382515682367271 -0.0008347951123264954 -0.0034226061629585493 0.9999938986223794 0.15708015936060624
2896 2903 0.99994544564456 0.003305693173191956 -0.009898343578707542 10.391750306814288 -0.003396769550939109 0.9999524562025897 -0.009113241929671122 0.02157005988653335 0.009867415269310894 0.009146137227609104 0.9999094547288837 0.18715914125011776
2904 2911 0.999929361310094 0.0020450170096552836 0.011685743659838975 10.209886481052514 -0.0018548207558065175 0.9998650443836301 -0.01632861067028602 0.002005211472939921 -0.01171813315285841 0.016306108915593424 0.9997984143369124 0.06421168835780858
2912 2920 0.9999579656610104 0.009249535347586286 -0.00010140798675043464 11.414587622069668 -0.009247018511292508 0.9998864332824522 0.011868937389361133 0.021084951589337354 0.00021164637345500828 -0.011867602131667883 0.9999295401796854 0.20029036839640849
2921 2929 0.9999384905965594 0.008415018471794253 0.0072930530875301965 10.494316368296992 -0.008311495291276743 0.9998661060101196 -0.014053277696171878 -0.03200020408743716 -0.00741063620191808 0.01399233238735924 0.9998746042818186 0.17440462891892944
2930 2939 0.9998585978512503 0.016574014668125806 -0.0028030686037316182 10.494058748729389 -0.016502921225648823 0.9995785516362915 0.023845084583538387 0.02524511365385477 0.003196627464709972 -0.02379523651686112 0.9997118194465472 0.24153245710905813
2940 2950 0.999531557547413 0.030582727228117276 -0.00039307256970731665 10.210756147754491 -0.03058259968676756 0.9993187886359268 -0.02063497729365292 -0.14279968934990464 -0.00023909415609504634 0.020637083305810645 0.9997870421819567 0.14798683323195913
2951 2963 0.9990895498902965 0.04208464190403161 0.006973594290226226 10.35367011167185 -0.042176640214867396 0.9990177973125295 0.01359943146844424 -0.16229842882816495 -0.006394598285534674 -0.013880253647664691 0.999883256889327 0.1301488247376117
2964 2981 0.976775777391072 0.21416089696084373 -0.006552637083979745 10.247322680607427 -0.2139478991743784 0.9765468806090619 0.024096315680475322 -0.833474857218636 0.011560133657369943 -0.022135534041314135 0.9996880401539799 0.20930879571739036
2982 3005 0.9713319135379204 0.2376620997083559 -0.0054446688325402596 10.245559361756055 -0.2375751532843365 0.97127935703912 0.013236797459004052 -1.5482796447735085 0.008434668801248523 -0.01156339919121956 0.9998975207788521 0.17707332136417217
3006 3037 0.7578188026932825 -0.65244646295221 -0.004906416059988799 9.696982170399357 0.6524391515318616 0.757834925001495 -0.003123514290947621 2.8522189461960927 0.0057567252341420485 -0.0008332591133934086 0.9999830719717445 0.18121112750607557
3038 3087 0.9873734322398453 0.1583126699479633 0.0054800077644672485 9.811420734865719 -0.15836003742898097 0.9873318803380883 0.009883502536230136 0.2720122376596437 -0.0038455439634430787 -0.010626457053431404 0.9999360535605822 0.11624454908856888
3088 3120 0.9958484527087177 0.09009605502653198 0.013009823326914634 10.094770997989864 -0.09010384883118958 0.9959323824176888 -6.644702700073357e-05 -2.043763019465615 -0.012962416861406196 -0.0011059185114328026 0.9999153557276869 0.145628685100803
