1 38 0.9995840681451212 -0.012800451141919323 -0.025808949629845073 10.532651132882137 0.013286066414046099 0.9997370015316871 0.018722955587815743 0.3991252863860032 0.025562618944128777 -0.019057915160468675 0.9994916115826965 0.2452135275975359
39 53 0.9996793592460385 0.010628877989100179 0.022979427816911393 10.557841427606654 -0.01055854876177461 0.999939586637428 -0.0031774156392654204 -0.03498475655357122 -0.023012444709199675 0.0029336884631998472 0.9997309270504068 -0.05075721866103846
54 66 0.9976361374490891 0.06846718384912531 0.0057439369219116874 10.819416473515904 -0.068535202328303 0.9975660168367722 0.012859708118856592 -0.20266438248540386 -0.004848905739237115 -0.013222794486816267 0.999900809763525 0.0758403430417725
67 78 0.9833514525917674 0.18157143455766311 0.007141152176360414 10.889438642808686 -0.18151211246387347 0.983353022864146 -0.008295981734447249 -0.9436158186152219 -0.008528571709148652 0.0068613899358530225 0.9999401138756655 0.013127477427458201
79 89 0.9788098604204452 0.20424806572401338 0.014635487117193929 10.76024439946788 -0.2042174781035383 0.9789190591988438 -0.0035498352810853957 -1.112260336331753 -0.015051952806084715 0.0004856220418400652 0.9998865424269083 0.03328164169341458
90 99 0.9815937736976572 0.1909306957137074 0.004415124601971658 10.351773029517052 -0.1909014158226182 0.9815878927838466 -0.006565043396594466 -0.9697526416179162 -0.005587217810940415 0.005601303181138413 0.9999687414875178 0.08785128051102441
100 109 0.9826434482802652 0.18518778936623997 -0.010784100569681154 10.915931630326256 -0.18530367239708445 0.9826189640331234 -0.011037773210428448 -1.0341981471944701 0.008553511185193343 0.012844045376785372 0.9998808708975516 0.10475565378834954
110 119 0.9911605200120124 0.13266270272124323 0.0011229068308708165 11.107566184075095 -0.13261096846592696 0.9909492823151226 -0.02084326583053574 -0.7348249580959327 -0.003877769937211748 0.020510161981953386 0.9997821051491612 0.17865217397111718
120 129 0.9899978666322632 0.13989110001084284 -0.01829982674640149 10.826554391021364 -0.13895821618872883 0.9892751038833573 0.044997690795183114 -0.6631071673450074 0.024398141587982695 -0.04200430621263514 0.9988195121112504 0.3816270280994463
130 139 0.9988193122988064 0.04800325298483188 0.007405141293789857 10.696113497706701 -0.04804084258228878 0.9988317831364321 0.005064159648737982 -0.2395000212567962 -0.007153022938365446 -0.005414502630366066 0.9999596824241795 0.11833467696135123
140 149 0.9996544784345358 0.026100190440534105 -0.0031433798620271037 10.6615978186122 -0.026067517399457726 0.9996077093388132 0.01023436613261848 -0.07033577276802468 0.003409263163687311 -0.010149149073886305 0.9999426876525697 0.20006145548444157
150 159 0.9999835341555088 0.0051343282710620275 0.0025695611813425986 10.869750353814792 -0.00514558730578022 0.9999766745260468 0.004516573484688374 0.033260265851032624 -0.002545964555389305 -0.0045300408594887275 0.9999864909070408 0.11750765865137149
160 169 0.9999108367248138 0.01004189112899795 -0.008829319656865056 11.060466220906411 -0.010010726739158112 0.9999433993708615 0.0037092432695874874 0.029591410642633157 0.00886603808359552 -0.0036203575142350402 0.9999541542336681 0.15486698744098454
170 178 0.9998586273408673 0.014683485082985625 0.008247266911977509 10.00120099333315 -0.0146297194407326 0.9998706009135943 -0.006554252022311981 -0.00825204081238617 -0.008342650672834203 0.00643244270053633 0.9999444416381144 0.04378121067281702
179 187 0.9998921545513102 0.01458116452090799 -0.0019010176587999931 10.050074364743763 -0.014592286152752106 0.9998756104840258 -0.006037359653752758 -0.06632976166536494 0.0018127695730784173 0.006064721494759716 0.9999799832034847 0.12851565163124326
188 197 0.9996809986894069 -0.025260110210576312 -0.0009457471187293356 11.105412234947904 0.02525623825485072 0.9996713978493684 -0.004253276608839402 0.21714871891684728 0.0010529677862327182 0.004227372478182368 0.9999904914989662 0.10812042817605226
198 207 0.9997563263326574 -0.021764836559369345 0.0034236873020990683 10.889985874393808 0.021791164705180565 0.999730503090586 -0.007932151441846095 0.15494048569307173 -0.0032498273025123553 0.008004528152927484 0.9999626554922689 0.11886724284562586
208 217 0.9987276538589334 -0.04949041904699735 0.009675215059289786 10.699817461956169 0.04942664722274014 0.9987548552865129 0.0067382573578852415 0.3134892229494583 -0.009996692037693237 -0.006251549708554091 0.9999304859643814 0.135103219408731
218 227 0.9956305415807492 -0.09320053136676613 -0.005786431366140175 10.65612635303461 0.0932748101221951 0.9955382812954343 0.014249661696896338 0.588457758249017 0.0044328388322361 -0.014727170411698203 0.9998817444799071 0.16020878026780533
228 237 0.9920880408514999 -0.12477729580854961 -0.013855394005603625 10.734403591180564 0.12462217120963959 0.9921376933889794 -0.011485629540883035 0.713171999458268 0.015179632780003895 0.009667545744478014 0.9998380433549303 0.17608827423326223
238 247 0.988805382903726 -0.149217967083511 6.60373411247043e-05 10.838014794778507 0.1491956156646526 0.9886517466645353 -0.017603312962868562 0.8742516998592456 0.0025616195434736634 0.017416232356370017 0.999845066419733 0.14844550933538803
248 257 0.9925873764197891 -0.12125634965250631 0.008172549900252658 11.057395894929172 0.12122934496353585 0.9926170000839121 0.003788771812110371 0.8213298373171734 -0.008571868525979706 -0.0027700880626784813 0.9999593813593244 0.09382598087418571
258 266 0.9996086602000586 -0.02753591627685116 0.0049432082219341205 10.100931119934888 0.027609239484820202 0.9994996762929357 -0.01539022905184358 0.17775406183816575 -0.004517317850430107 0.015520361197163886 0.9998693118526677 0.10179174620100796
267 276 0.9992757493678386 -0.03193780463254694 -0.020689331216618013 11.089292553764299 0.031609675633762026 0.9993720273590514 -0.016020219840783723 0.17563715099506927 0.02118743087362659 0.01535444263983199 0.9996576611589143 0.1645625779373289
277 286 0.998938111157877 -0.04595252189825003 0.003171574355482832 10.784099105381733 0.04586108383651972 0.9986482221582119 0.024471975086551474 0.35912915203189144 -0.004291521259032043 -0.024301330097434102 0.9996954777278956 0.10492380361833804
287 296 0.9992221398583353 -0.03889736033495673 0.006428974808310722 10.68779674091115 0.0388652787521488 0.9992320368589227 0.004968495262929684 0.2831564673014855 -0.0066176481642578385 -0.004715340781343658 0.9999670566352701 0.025591110976463178
297 306 0.9998614939879468 0.01594860863330629 0.00481813580604162 10.877851245561859 -0.01598572448111168 0.9998422728461367 0.007777669364679395 0.0407475137283782 -0.004693308000686936 -0.007853600531804675 0.9999581764387457 0.008662945448801784
307 316 0.9992235632346776 0.03890105443538789 -0.006265183670245394 11.185521124720854 -0.03900449422144435 0.9990872781265533 -0.01738412382477734 -0.2611323299083543 0.005583063850214454 0.01761464404328455 0.9998292673647446 0.13720733858988018
317 325 0.9998813215841389 0.015186869745999166 0.0023514706467149737 10.121617051813654 -0.01519102737194969 0.9998836102351705 0.0014087661151855144 -0.03900254081764495 -0.002329827321609915 -0.0014441858082208804 0.999996307649958 0.07956913564222018
326 334 0.9999686117125512 0.00400258190481575 -0.006752269731411436 10.248272191452118 -0.004002559051838773 0.9999921764727846 -7.854074165319874e-05 0.003933006271444779 0.006751807115459934 0.00010628415161608342 0.999977237919838 0.10824602244949078
335 343 0.9999892329564738 -0.00013925555611472097 0.004659638876756383 10.450703003508789 4.281485352326026e-05 0.9997838682167551 0.02077386344482978 0.07819814581225369 -0.0046607935931421325 -0.020773521705977818 0.9997733071613012 0.10207995468381062
344 352 0.9999637312941063 0.007532395003414154 0.004048992708687318 10.620816335575723 -0.007550191744056398 0.9999635857243834 0.004043010521798104 0.035043089581744624 -0.004018584212234789 -0.004073440605538125 0.9999836634198292 0.07162219345975511
353 361 0.9993210580626631 0.0363081635918303 0.006255319072453325 10.597708814130922 -0.036344560719439714 0.9993218471694301 0.005871574443902936 -0.059597082754047265 -0.006037120938485534 -0.0060947545957550095 0.9999631473795164 0.11328175526380647
362 370 0.9989013360760659 0.04679022514476509 0.0025210853669174966 10.328487290156236 -0.04674382505085254 0.9987786962434446 -0.0160118549474585 -0.23939261408400958 -0.0032667348345847957 0.015876031783552465 0.9998686031373064 0.11304449370639441
371 379 0.9995778625609 0.028499096314809066 0.005603795385765267 10.094829591229121 -0.02846107996012908 0.9995728145772637 -0.006761688292781699 -0.12770908700012987 -0.005793469869090353 0.006599473116303241 0.9999613800290936 0.10903868056176588
380 389 0.9999747034857296 0.006946678568190293 -0.00127296907465591 11.12485561792653 -0.0069571194467831455 0.9999339277177 -0.009160434881511635 -0.034206189557943335 0.0012092002554064262 0.009169441542110506 0.9999572912321247 0.14298561755098005
390 399 0.9997468588617797 -0.022331299336374896 -0.0028313236346437162 10.856397726882228 0.022316614360442424 0.9997397377306072 -0.004893816377009704 0.1211548750276292 0.0029395183940323557 0.00482991237708206 0.9999839705948355 0.16610053140056286
400 409 0.9989261194537364 -0.046104324592504964 0.004670521951630723 10.526429156899429 0.04608901678642025 0.9989322960604086 0.003370813279605833 0.2864986183316621 -0.004821434019908218 -0.0031518840607700554 0.9999834958109194 0.13738482270292485
410 419 0.9994156656355538 -0.034130345055695524 0.0017521584132378174 10.255835715853081 0.03414812650506685 0.9993502964821527 -0.011555763046033219 0.21397050337926643 -0.0013573944697806957 0.011609121016766973 0.9999317907060238 0.1007807153821608
420 430 0.999821901234215 -0.01876568806759428 0.001660808144247823 10.967197752969877 0.018751870934559562 0.9997911154928972 0.008178926418028126 0.16651937358699986 -0.0018143296663950558 -0.008146356708539687 0.9999652014659722 0.1250994004577555
431 442 0.9999600263951289 -0.0065544887967008015 0.00609499701836106 10.35318016418633 0.006539995616842127 0.9999758612214732 0.0023548800817358865 0.07286239432223643 -0.006110612091469307 -0.0023154581713442472 0.9999786598222032 0.15249292077336749
443 458 0.999015261997958 0.04437022117149065 0.00039432757136408233 10.458532948705956 -0.044365877882404176 0.9987208006806764 0.024253191419960282 0.023421791222870907 0.0006824806265245335 -0.024247109919000875 0.9997057671928911 0.22342916175242147
459 484 0.7750151912506681 0.6317645028497585 -0.015012237801846049 9.908816433952977 -0.631848613722154 0.7750911003487172 -0.0011566882896415864 -3.16452563388181 0.010905074963814076 0.010382179841042276 0.9998866214568753 0.20699599723317683
485 502 0.7929945976574178 0.6091584229803656 0.009224779168851956 9.530420130115 -0.6092100926805676 0.7929964225729746 0.004408210070268272 -4.053586432542411 -0.004629400523973316 -0.009115947577990495 0.999947731234469 0.00731071497639952
503 514 0.9892735168355639 0.1460728513051288 -0.0014951779628930484 10.357188406354043 -0.14607068623120847 0.9890458080984249 -0.02126893954562465 -1.1454183535094613 -0.0016277636955324625 0.02125910192522156 0.9997725628769035 0.025095972622075743
515 524 0.9997414567049433 -0.02008684832539165 0.01065694714713557 10.301644545309122 0.02009323288568724 0.9997977874169972 -0.0005411504800775725 0.16622222685592505 -0.010644302155753108 0.0007551458168930974 0.9999430307751737 0.011313436346783473
525 534 0.9999572296809967 0.008979308040218913 0.002225944228331907 10.831578844567776 -0.008970865046140477 0.9999503094047104 -0.0043065604811194655 -0.0022024466099776437 -0.0022645431643400515 0.004286326726592662 0.9999882414021982 0.09370475654686433
535 544 0.9999462617506699 0.009950529434157864 0.0027659553565836893 11.189175769853227 -0.009963821757531386 0.9999390663423866 0.004643676014807426 -0.005905369292676703 -0.0027192464928981765 -0.004670481789876501 0.9999853731298275 0.0756223167752557
545 553 0.9999865549292798 0.0017318986935839593 0.004973902146396121 10.13057007564564 -0.0017216476257874232 0.999996765013876 -0.0018017235160473926 0.042387634820388535 -0.004977231546979513 0.0017930778563947198 0.9999860117375732 0.07919455984251926
554 562 0.9999503717928648 0.009920148456656952 0.0008218749243322315 10.158935892279514 -0.009918406054476353 0.9999479188523138 -0.0021927430778079272 0.0031017362263327797 -0.0008440979150915795 0.002184339001415861 0.9999973212503996 0.10603705750218922
563 571 0.9999512425605174 0.009210111196975 -0.003545091907583136 10.312128864104334 -0.009180578495830522 0.9999229629530545 0.008309107331130352 0.007621551506036323 0.003620715318566267 -0.00827604659721888 0.9999592539234035 0.1254180409868487
572 580 0.9999743750334615 0.006533829622677204 0.0031034810528918514 10.96596582294135 -0.006547494870909406 0.9999697943844642 0.004097835194854202 0.0479873974125077 -0.0030758344509258214 -0.004118036695074995 0.9999867124872296 0.06376239040701391
581 588 0.9994223629769438 0.03397345093636336 -1.2978638018400002e-05 10.109965763910711 -0.03397296369612789 0.9994212728862626 0.0016571888481781106 -0.07843740881509961 6.999185404429498e-05 -0.0016561083771533007 0.999998545856963 0.04947371453270283
589 596 0.998626633783152 0.05238399812707345 -0.001289355416846861 10.592678955997874 -0.05239645296342103 0.9985408138467208 -0.013048410882845031 -0.22845330862431415 0.0006040356442535382 0.013097867799653778 0.9999139665181209 0.05636546457549135
597 604 0.9995390626602687 -0.02978428843929441 0.005927265120499396 10.558830345615117 0.029871037786805468 0.99943779738851 -0.015241451971513536 0.09570131862571288 -0.005469980658545321 0.015411274387459196 0.9998663400012064 0.08589785873037124
605 612 0.9976663269349906 -0.06790629575241149 0.007021792510627103 10.359072064511027 0.06773089706820282 0.9974435788400516 0.02276610465521618 0.43555416665909163 -0.008550213776398632 -0.022237914359993123 0.9997162304429114 0.14324508027795688
613 621 0.9993492777954786 -0.03458318444072379 -0.010260547881447452 11.11087535681213 0.03441346613228158 0.9992755670782253 -0.016241229974937026 0.2374407131181837 0.010814453102586594 0.01587718264768759 0.9998154888304654 0.19269704297696705
622 631 0.9999237560376177 -0.012263451476747034 0.0014217511366181994 10.404373061463406 0.012235959116174965 0.9997676315314769 0.017744367507814763 0.15381943143688853 -0.001639526251115373 -0.017725991507918745 0.9998415939041059 0.20221450816580816
632 643 0.9998374585812015 0.007230074345044749 -0.016532894271048565 10.153500736652045 -0.00733580591365311 0.9999530949611544 -0.006384714102400575 0.04619233188274243 0.016485579051895793 0.006505304379930541 0.999843040599946 0.17142141189995788
644 656 0.9769755049948674 0.21280087388527505 0.015282867200993281 10.115022538100298 -0.21314412221758225 0.9766685051889384 0.026260764823571182 -0.762104947007094 -0.009337340539501457 -0.02891341939318773 0.999538236430004 0.03220095016148108
657 670 0.935027801057769 0.35456430764527136 0.0026538059863631938 10.183418671822915 -0.354382738191879 0.9347435577498105 -0.025826035497250523 -2.004447685487266 -0.011637716333936274 0.02320804563034138 0.9996629808641279 0.053078207068130434
671 685 0.9182603109950147 0.39563407565408637 -0.01650503711060159 10.424670649782472 -0.3957690764274484 0.9183321704084172 -0.00573642639158786 -2.2358586590827283 0.012887378844752932 0.011799497467239599 0.9998473523240644 0.16616181929186266
686 698 0.9525366294271982 0.3044224636495087 -0.00019451527555962528 10.183295206848719 -0.3044204741723789 0.9525335997473471 0.0027726952896491826 -1.806188758793759 0.0010292383246247499 -0.002581659233959193 0.9999961797905593 0.010199965176697733
699 709 0.988496330218402 0.15124673714433914 0.00022243859388069623 10.480132620093235 -0.15124117504013315 0.9884749610667212 -0.006628092722711978 -0.9742334016502424 -0.001223068062086794 0.006517285328110674 0.9999780679875582 0.02829191609583849
710 719 0.9998960420113993 0.01367286036710468 0.004637832627033206 10.825065463558479 -0.013695733975534344 0.9998933029037697 0.005069649753082943 -0.05316721214165918 -0.004568001564665446 -0.005132677212659061 0.9999764693707239 0.026270341206461607
720 728 0.9999613361845751 -0.0036641692601029215 0.008020518859119632 10.40145262609073 0.0036884239082290524 0.9999890050830823 -0.0029587160491097615 0.07075369921396997 -0.008009936040231059 0.0029883789807708346 0.9999634920310173 0.0338503636471834
729 737 0.9999889266225389 0.0023475113716711553 0.004138893371655895 10.761766090368768 -0.002315131321328405 0.9999656118041044 -0.007888295772801326 0.036527013471059536 -0.0041566008252979835 0.007879468992157336 0.9999602311485077 0.08015734654560305
738 746 0.9999880840026633 0.004065139994592406 0.002580206547590896 10.706596052351454 -0.00407396288248157 0.9999849126741106 0.0036850793488545945 0.03312872267335281 -0.0025647039665423173 -0.0036965025273089274 0.9999898511393366 0.1051420840960914
747 755 0.9999907857128744 0.0036075793313059858 0.0024598329715886827 10.578730908640361 -0.0036577430514272463 0.9997837022246979 0.02045671908035056 0.0704203719671387 -0.0023857685257273405 -0.020464804439855263 0.9997877436026391 0.11531233433010865
756 764 0.9998142995008961 -0.0192175721332444 -0.0012213305277489 10.457123209950648 0.019233654062676252 0.9997134810501492 0.014270189795667241 0.16259117113811594 0.0009474179529304127 -0.014291842611649832 0.9998973730274922 0.13322482997185747
765 773 0.9982647073941807 -0.05888270379416494 0.0010220113198693643 10.33916046911856 0.05888721021118515 0.998253441648419 -0.004680490141617931 0.33658323164984477 -0.0007444821466156537 0.004732950164274048 0.9999884806425645 0.1205209736553472
774 782 0.9965214301496695 -0.08254050443585205 0.011513436752843135 10.200590187406743 0.08257127353119605 0.9965828098939971 -0.0022601794505602646 0.4529374754120986 -0.011287057462346496 0.003203627048583446 0.9999311140871459 0.04990029175644108
783 791 0.9946931523095651 -0.10271002378384618 -0.00590069558034711 10.091488919395605 0.10273626095359695 0.9946994487453045 0.0042631072776439655 0.5696775275308859 0.00543197902681969 -0.004846444987559341 0.9999734984059199 0.1833488047328098
792 800 0.9948770346751602 -0.10107696534042751 -0.002108747863929858 10.008869897897458 0.10109071682300477 0.9948440980187531 0.008091275771604503 0.597164443388037 0.0012804157416622945 -0.008262939846361448 0.9999649594543485 0.12954412527151818
801 809 0.9971992168032496 -0.07479136476348848 -0.0009494181402129611 10.065319694114688 0.07478193039961317 0.9971650136459526 -0.008251990754303174 0.4305564581313898 0.001564165098905034 0.008157886441611627 0.9999654216015894 0.1515402603024048
810 818 0.9991649155974551 -0.040857615784228196 -0.0007690489254284065 10.164990719459192 0.0408595769775487 0.9991626993869025 0.0020046064177086367 0.260581676731892 0.0006864413946103651 -0.0020337804353634187 0.9999976570682614 0.11405605233788144
819 827 0.9994452515740523 -0.033253671618410516 -0.0013924416592653644 10.232923015181056 0.033268419571952416 0.9993666787258387 0.012606963422560664 0.25856342444158975 0.0009721351169893882 -0.012646427503098707 0.9999195331768349 0.12659432600533854
828 836 0.9996535184202516 -0.025902868019015913 0.00477721393240372 10.326182545075492 0.025984735382848685 0.9995019460116393 -0.017908135575328825 0.16146315795176652 -0.004311076052979028 0.018026179322908766 0.9998282586161498 0.09515459866376688
837 845 0.9999975144188991 -0.0011190884409642199 0.0019822512203930965 10.592917321668992 0.001144268747707919 0.9999198787146695 -0.012585701678707767 0.057977058246133355 -0.001968354624947871 0.012588680430115696 0.999918816471726 0.10729314134377489
881 888 0.9999587205970037 0.009063149644926771 0.0007431877071181331 10.909336737143313 -0.009057318953066608 0.9999380881918697 -0.006421646162483165 0.005208792661803168 -0.0008017960836684137 0.006414703894523339 0.9999792370742805 0.08222317509460533
889 896 0.9999844821539118 -0.0022440247614918364 0.005244311169433871 11.012040384496974 0.0023157473941563074 0.9999029144093164 -0.013779107469538013 0.03764700001560583 -0.005213385733366551 0.013791552631989642 0.9998913124715411 0.08775280288723104
897 904 0.9999900540332473 -0.0013613638961914045 -0.004134587770048404 10.797543331149045 0.0013783634649838245 0.9999904361518225 0.004142972173802861 0.06333212571670904 0.004128667521788521 -0.004148680956513106 0.9999828868748888 0.17515441085565073
905 912 0.999976478330172 0.006560564288119448 0.0020074855583792415 10.586627282438483 -0.006581022077843867 0.999925199634208 0.010301459940436736 0.048168311748973645 -0.0019399879982356552 -0.010314418679587505 0.999944891453818 0.13478966449446816
913 920 0.9999826206822874 -0.005831437470620664 0.0002252713407245485 10.306166449783722 0.0058272186704442595 0.9998587869353202 0.01575997340382383 0.11079653519259779 -0.00031691471665639965 -0.01575865121878623 0.9998757839207679 0.14617554249771034
921 928 0.9999974797406548 -0.002305892748805191 -2.2966951734365027e-05 10.030860323316034 0.002306729893975923 0.9998601570141445 0.01657498070266549 0.11654782977729927 -1.580629480338859e-05 -0.016574847511798933 0.9998626770218632 0.12171075128282355
929 937 0.9988409544848051 -0.04787054289065304 0.004982427191786127 11.145235932107036 0.04795398092462686 0.9986782236097376 -0.018467128773380956 0.2107162386220746 -0.004091747336439518 0.01868465816953753 0.9998170080333304 0.12496564428749161
938 946 0.99702040524843 -0.07703625149705275 0.0038875678854213597 11.004523929471047 0.07701629293999045 0.997017633733402 0.00478602688199052 0.4926303938866646 -0.004244844227529411 -0.004472744637865411 0.9999809976522624 0.0765010648053889
947 955 0.995797269487325 -0.0915893515541431 -4.11307428497669e-05 11.218387253218488 0.09158896533802535 0.9957960197734815 0.0007958146789869464 0.5432412586782044 -3.210582275971681e-05 -0.0007952905145639797 0.9999997321387634 0.08831933320372067
956 963 0.994499483096497 -0.10473457018685779 -0.0014165150013988452 10.023211654555576 0.10472632596950528 0.9944870139792331 -0.005331498285685546 0.5317354360192669 0.0019671359563873604 0.005153223966118173 0.9999848030137554 0.1131599769822592
964 971 0.990236331906997 -0.13928387096322828 -0.00563237041712232 10.25198705059702 0.13924527913665374 0.9902347293083061 -0.0067997172566021565 0.7438167106302948 0.006524891941930945 0.005948955451869237 0.9999609976188021 0.1338944393945761
972 979 0.9909801808859501 -0.13400799998009294 0.0009624198854518495 10.407162645113342 0.1339817965083488 0.990890172974896 0.013644672069222416 0.7805188296436635 -0.0027824319438523822 -0.013392677101555383 0.9999064910773434 0.07273659152959312
980 987 0.9926383514404962 -0.12100497813617962 -0.005213128167487854 10.589363723769955 0.1210529977825391 0.9925935929002349 0.010193726164429238 0.7150636995355786 0.003940768690261703 -0.010749068713965155 0.999934523476041 0.1263372443060627
988 995 0.9939687258603379 -0.10961718906325313 -0.003397483218888217 10.737770132874488 0.1095649539785061 0.9938936562455915 -0.013057430643286976 0.6068029956066239 0.004807948193110807 0.01260589607844551 0.9999089614616952 0.1566910532379882
996 1003 0.9933719036103991 -0.11492607668817406 -0.001810395653082117 10.86091346425279 0.11492818126606295 0.993372091388028 0.0016901362439670391 0.6550216468489742 0.0016038231907920578 -0.001886850927452293 0.999997050557047 0.10445224055594995
1004 1011 0.9918497009754583 -0.12735433338585322 -0.0038704626506717026 10.910116037915259 0.12737829500090347 0.9918305348117558 0.006856831567491893 0.714919186490153 0.0029658281883629227 -0.007293361130697374 0.999969013054439 0.1710162306208761
1012 1019 0.9920175986971842 -0.12590024257991875 0.007019260031276283 10.787292080263096 0.12595956883444495 0.9919971054122069 -0.008744972988559379 0.6818428882451254 -0.0058617710758724125 0.009559800984742583 0.9999370243687432 0.08707828212827501
1020 1027 0.9973658351646498 -0.07253244323010241 0.0009197951939415831 10.641438133874537 0.07252490691726758 0.99734671718533 0.006161238761753315 0.493316562428133 -0.0013643963740748682 -0.006078718574487316 0.9999805573444018 0.11563061595684845
1028 1035 0.999893937720533 -0.014336258634995531 -0.0026479289069735747 10.650200400001223 0.01433637323894464 0.9998973316959139 9.624057654588182e-05 0.14592613632824064 0.0026456910790294604 -0.00013381245162877087 0.9999965572162908 0.13622849137477339
1036 1043 0.9999338950251778 -0.011432681874002077 -0.0011244230987695269 10.628434511742968 0.011414390030429124 0.999831712578639 -0.014347317547909294 0.09368064798719018 0.0012886110557534729 0.014333183030835901 0.9998963895532639 0.1476419228279635
1044 1051 0.999942404008694 -0.010012644018683604 -0.003939700571422549 10.590220198539104 0.009969279168819026 0.9998909078253639 -0.010838434839087512 0.07844844685423646 0.004047458906150823 0.010797891497904706 0.9999336009160255 0.13196479717639553
1052 1059 0.9999482587802073 -0.010115064359619211 -0.0009582545904041375 10.591682120537644 0.010104698981618237 0.9998932474758263 -0.010545231183574911 0.08502837104757292 0.0010653414257570488 0.0105348714519631 0.9999439135430281 0.10676294109497748
1060 1067 0.9999942981873698 -0.0011121549127643406 0.0033683209079227706 10.625185032018518 0.0011266984669559429 0.9999893319146028 -0.004388788066285932 0.044830986595099646 -0.0033627292561152437 0.004392505513373584 0.9999846698365135 0.10376359466237908
1068 1075 0.9999904125970841 -0.0037923052913636625 0.0019361181879344815 10.622957944852814 0.0037862727396760477 0.9999875294106702 0.003187939739592181 0.06469002021091473 -0.0019484041556016142 -0.00318009718059597 0.9999930396643415 0.13722516028443088
1076 1083 0.9999965831744999 0.0022035493131104407 0.0013430078961741672 10.65125195435226 -0.0021990598432131926 0.9999921711359543 -0.0031168583417731776 0.024528767756070963 -0.001349542397205781 0.0031138320266397295 0.9999941437912558 0.14004739186085086
1084 1091 0.9999826506912391 0.005851207991204096 -0.001253295272007126 10.660616453321683 -0.0058435888232339665 0.9999642405438572 0.006231677912114993 0.0353602439015175 0.0012897513654892615 -0.006224043294828378 0.999979770343935 0.15000223865786957
1092 1099 0.9999916778351636 -0.004013889444111497 -0.00022080723504336701 10.58814113418918 0.00401285055527034 0.9999889542556307 -0.002537530000873613 0.056351201734512225 0.00023141865600459464 0.002536313482255453 0.9999967020950165 0.13682205826945726
1100 1107 0.9999826481812222 -0.004760758814473622 0.0034913001201914077 10.408858260119077 0.004781724887134263 0.9999703094638498 -0.006137032891322562 0.06001928540206904 -0.0034619305738092265 0.006153523440979388 0.9999750435899613 0.138952317142625
1108 1115 0.9999520766413765 0.008602746857317106 0.004553227370995763 10.211114474257215 -0.008614478596039487 0.9999598003384602 0.0025680440049469042 0.013363899008728839 -0.00453007951696761 -0.0026069143375326274 0.9999861923187287 0.11729135222552528
1116 1123 0.9999137698187727 0.012954782463340038 0.0019870473331186004 10.053147987122422 -0.012944420718496406 0.9999035273941412 -0.005191062144773688 -0.038122363053169475 -0.002053513827924592 0.005165345464718731 0.9999845192939809 0.12769252863030225
1124 1132 0.9999795861821787 -0.006254824273776681 0.0013118002915478346 11.234298182745514 0.006254117167657991 0.9999798786642872 -0.00012839690606085075 0.0709749657923253 -0.0013110882894727099 0.00013661903068757302 0.9999991333522462 0.17788065599038108
1133 1141 0.9999389993588944 -0.010846764444296608 -0.0017835275086500616 10.986174233821487 0.010845705977293528 0.999940874586192 -0.0005847617921428997 0.11159064810060705 0.0017893757315215466 0.000565379837617608 0.9999983673550785 0.16906590278090097
1142 1150 0.999971790731516 -0.0060474930307322095 -0.00439077802806961 10.784403141118286 0.006073253840980622 0.9999641107053979 0.006015056434038848 0.09498750841981438 0.004355034295113883 -0.006041519224335467 0.999972210975158 0.12383263867072074
1151 1159 0.9999183039472093 -0.0054094400015964 0.01158518539945632 10.58912117642086 0.005480112688599822 0.9999667397182029 -0.006054716127404523 0.06788683071526348 -0.011552395299683405 0.006116789753125645 0.9999146459284547 0.07554567192062538
1160 1168 0.9999600526318018 -0.004844217971166333 -0.007544151969375805 10.380973270258796 0.004878318828767068 0.9999783706410528 0.00453349050157457 0.08097769224147093 0.007522267083087615 -0.004570281555347518 0.999961264905935 0.17095874659786273
1169 1177 0.9999943631550162 0.003378453684980166 -5.4010405259050906e-05 10.416320254003432 -0.0033774266855458035 0.9999940226760652 0.0005346007158751105 0.041129974985684756 5.608788611781728e-05 -0.0005337596259323529 0.9999997942407796 0.04839839444864424
1178 1186 0.999873999328785 0.008375797988060745 0.013475910597137005 10.823472665078459 -0.00838322882859179 0.9999645248825106 0.00037107879550294623 -0.0071483521222694465 -0.013472622952182494 -0.0004841575775710398 0.9999091063698093 0.06086425507736916
1187 1195 0.9997725443749955 -0.016730251550299655 -0.013202010168381425 11.448655364966578 0.016781037664730766 0.9998530305044201 0.0036504948948444826 0.11361460292025619 0.013139206789379512 -0.0038707438165059126 0.99990610656507 0.16660702865127536
1196 1203 0.999902829335643 -0.013612685882904403 -0.0029246387903423756 10.507181960031637 0.013576293755845252 0.9998364429240576 -0.01194550030273693 0.11595987909241905 0.0030864588926432924 0.011904676056283389 0.9999244345944461 0.04652234651076288
1204 1211 0.999878957456788 0.0023830798527998296 0.015369108630524207 10.761036412613404 -0.0024650272230042703 0.9999828989371284 0.005292152906706693 0.04232766020643093 -0.01535652634072024 -0.005329021035952069 0.9998678861454771 -0.03508497294606049
1212 1219 0.9999689798611903 0.0039740299286871806 0.006704847703781643 10.555999423635786 -0.003958906968369356 0.9999896899067461 -0.0023409796200108903 0.013388044070460287 -0.006714282718668677 0.002314095816554619 0.9999747751579838 0.12062212984607652
1220 1227 0.9999848892261224 -0.004953682240863672 0.002557064162603663 10.3140337085262 0.004972250862830309 0.9999630111075708 -0.00698695088339738 0.05089109955674865 -0.0025223692458991274 0.00699870848286928 0.9999723578839859 0.13587695190367183
1228 1235 0.9999943207855402 0.00039584125857508747 -0.003337378388689412 10.077129449800388 -0.00038738548589030197 0.9999960551243404 0.002741007640040214 0.06172245892321821 0.003337963134744947 -0.0027401969232972454 0.9999907687586539 0.13177574128033134
1236 1243 0.9999870208165264 -0.0032184556993206464 0.003849923384181498 10.287976709058423 0.0032333530616217476 0.9999874352130967 -0.003796401840122909 0.03366396273620315 -0.003837916170800869 0.003808200420318766 0.9999854571592242 0.07430547870119499
1244 1251 0.9999698680551029 -0.007583295079248627 0.0015231616791874913 10.331613986938553 0.007571959413350494 0.9999442560222646 0.007355102701387386 0.0959592221763533 -0.0015786738478278026 -0.007343032004467302 0.9999717745630429 0.11532074957318054
1252 1259 0.9999183059089225 -0.007555556609897784 0.01036365845199245 10.119188138587383 0.007372866435755506 0.9998193241174467 0.01750456350905509 0.1164999401001637 -0.01049447054701603 -0.01742689580990651 0.9997930975264718 0.13257491675251007
1260 1267 0.9999940027133415 0.0015668173111320397 0.0031993980428649937 9.903930387244193 -0.0015600384924983396 0.999996085468966 -0.0023068192107778903 0.047397284324432236 -0.0032028116379360827 0.0023015696290858453 0.9999921918294663 0.1127035806051521
1268 1276 0.999949354925621 0.004548916719399692 0.00896064215950519 10.911283477901426 -0.004560356623086506 0.9999893452358403 0.0012573887616228456 0.03828509502034868 -0.008954756160032712 -0.0012976929117622044 0.9999590058675917 0.1467918604393851
1277 1286 0.9999459937097736 0.004923296871910356 0.009227237318226065 10.85842099410546 -0.00493890227542756 0.9999858965730377 0.0016085874716376641 0.028267934411104024 -0.009219579179127413 -0.0016534159996123249 0.9999561666886151 0.1611138691890636
1287 1297 0.9999725675517587 0.004989749249158651 0.005361940723906526 10.117799400030442 -0.004994099525515233 0.9999878186971787 0.0007315897803989507 0.023149282810482435 -0.00535794942812567 -0.0007583433156697038 0.999985349129982 0.15347685625083748
1298 1310 0.9999626712556274 0.008381498524269983 -0.0021382638684459207 10.425164139646453 -0.00838562690954798 0.9999638655274969 -0.0018420627728121758 0.01622219537358443 0.002122807286646764 0.0018604419478271935 0.9999959818017127 0.17264352712033104
1311 1324 0.9993842260861798 0.03435934505210784 0.007044726048806297 10.865405397866562 -0.03434627762579273 0.9994082412661782 -0.0019167219899280561 -0.104318228928842 -0.00710609349500924 0.0016737143369410725 0.9999733451703292 0.09638365695772208
1325 1337 0.999041004180454 0.04301325980160143 -0.008193698972456854 10.318245830707191 -0.04317649519349715 0.9988472346023833 -0.020978301488206622 -0.29206561174987833 0.007281737992981416 0.021312371334262833 0.9997463787795611 0.11950855103059665
1338 1349 0.999971848070998 -0.006121063633913531 0.0043182612721469945 10.610504338230488 0.006118078202652288 0.9999813754407108 0.0006131034079604864 0.056981094792625614 -0.004322508403258703 -0.0005860985028099356 0.999990543389406 0.11259282224945863
1350 1361 0.9999089145699824 -0.013382547429290894 -0.0018362166998065295 10.801885260229415 0.01340356089345918 0.999831655373248 0.012480956822972894 0.1671446928987556 0.0016694152654577446 -0.012504523034383834 0.9999203025750012 0.12942283458420667
1362 1373 0.9999642726459571 0.00227697277358843 0.008221600813268013 10.657453848898706 -0.002221034040347777 0.9999736424859237 -0.006844065017801596 0.02402726925223265 -0.00823723909794143 0.006825344593878865 0.9999428548764197 0.10272777572657513
1374 1386 0.9999893223945521 -0.004485842136072586 0.0006364254405379661 10.331575187339208 0.004487799279855325 0.9999898774256003 -0.0010345290566628226 0.07551562755819224 -0.0006314869576241895 0.0010379931625612805 0.9999991791199003 0.1678704195247463
1387 1405 0.999941464820106 -0.003205234395252072 0.010375543247889845 10.71016970302518 0.0031706122095023306 0.9999884122117776 0.003426110272745795 0.07750043467500808 -0.010386550338611326 -0.0033929398142379915 0.9999403142272361 0.18337269011548832
1406 1528 0.9999055642527194 -0.004574085006942148 -0.012970683944765289 10.195866724266757 0.004789109418100958 0.9998508048750328 0.01658191142215697 0.11417381300339834 0.012892440662604391 -0.016642922764080817 0.9997784028239582 0.1861906354147237
1529 1549 0.9999853871393994 0.0031966967194446846 0.004405821167215571 10.433501105239223 -0.0032390224392106494 0.9999476335971614 0.009720371716014121 0.016604446514559043 -0.004374307088165961 -0.009734455459774626 0.999943010582794 0.08265827807455182
1550 1566 0.9976720994103236 -0.06814805372517843 -0.0025415640297475717 10.324050314459638 0.06816901165350947 0.9976294679771355 0.009380567672673189 0.43205578064248856 0.0018965760943566556 -0.009532557465259337 0.9999527598142598 0.11724040119693524
1567 1581 0.9919398881758381 -0.12656714197912639 -0.0060438637090163136 10.239290043686163 0.12658393259916628 0.991953282565602 0.002366444892086553 0.7633136117622468 0.005695756060843051 -0.0031132732513810503 0.9999790035043123 0.14053771720684044
1582 1594 0.9968047422457482 0.0797940218214232 -0.0038170393537557495 10.266421072587589 -0.07973739687067125 0.9967278027893446 0.013283060295259422 0.011718387931048239 0.0048635729913764966 -0.012936586141783118 0.9999045290098711 0.10602118400256207
1595 1605 0.9829213207328497 0.18401528599211034 0.0019435086940338443 10.5654364617241 -0.1839477040577037 0.9827573962299238 -0.018751930515616605 -1.1377256555266848 -0.005360236555213354 0.01807347682963331 0.9998221966345701 -0.008670020397163438
1606 1615 0.9990979605299747 -0.039745852261240014 0.014878199810309908 11.12172471597569 0.03986879745462049 0.999171691524615 -0.008097522737709235 0.06508110858645517 -0.014543743710036385 0.008683701273941469 0.9998564924264 -0.09463083878305296
1616 1624 0.998230529840392 -0.059433835890080555 0.0020839073693113075 10.181046399210686 0.059456819208022156 0.9981421107562611 -0.013258618803700047 0.3660187875193045 -0.0012926951001702683 0.013358652419258297 0.9999099801677883 0.15457608809356402
1625 1633 0.9994681732452034 -0.03233362727500884 -0.0043922378515862765 10.389705583327391 0.032293997100472864 0.9994399885230445 -0.008809004954776087 0.19847862595775562 0.004674967782458086 0.008662733103084812 0.9999514813252648 0.18724280462773565
1634 1642 0.9998239993089814 -0.018703018717137553 0.0013391551774685146 10.860306209358342 0.01872488335144109 0.9996516111741401 -0.01860079180486435 0.10144507885204884 -0.000991463133864254 0.018622852262662252 0.9998261238253233 0.12428753032692354
1643 1651 0.9999567472962841 -0.009216353684454285 -0.0006589982411678349 11.055661670643417 0.009218014982758344 0.9999538607167818 0.00270040028739371 0.09609073184215401 0.0006338452048187536 -0.0027062620165141716 0.9999962114533473 0.12292428655250627
1652 1660 0.9999539093011552 -0.00482895111021248 0.008290023101348007 10.996193571916761 0.004742257029131074 0.9999340536643215 0.010412976576371505 0.09021199671351841 -0.008340243613467444 -0.010373183800219777 0.999911449001665 0.05836059557512552
1661 1669 0.9998602893034401 -0.005272744429481497 -0.01590021992069295 10.807974065126613 0.005075734192531195 0.9999108419760648 -0.012350911508074783 0.04178084590761527 0.015964456716278053 0.012267865630981258 0.9997973177723304 0.1487498807163664
1670 1678 0.9999847785442278 -0.0037202398144558645 0.004007566750212593 10.683328385432167 0.0036305404238202578 0.9997492520281632 0.022127503064772753 0.04854416539895053 -0.004088829243000258 -0.022112807617453743 0.9997471373954812 0.11493231538141044
1679 1687 0.9996187888888577 -0.024428641691896628 -0.012790166440104275 10.44241004122406 0.024352742715683297 0.9996860372331876 -0.006041014884782626 0.1733435587286978 0.012933708112137999 0.005727144573645032 0.9998999824231246 0.07099306785618165
1688 1696 0.9997837257532238 -0.0028361596769969177 0.020579259804499424 10.195853179061256 0.003472482471245367 0.999514951793713 -0.03094230327968193 -0.008401522519347284 -0.020480922132914477 0.03100713581413636 0.9993092035539698 -0.01995230301620946
1697 1706 0.9998077669066686 0.019612123108045443 0.00042208870269820934 11.189426837317258 -0.01961235292347129 0.999805774845948 0.0018025399540353238 -0.044465735181221044 -0.0003870579336238871 -0.0018106249133284917 0.9999983586962954 0.12678399818606947
1707 1716 0.9998291326456026 0.017969679196056115 -0.004396445884014344 11.02406112853565 -0.01803989279939975 0.9997039939746138 -0.016310352927600375 -0.12287569341875094 0.004101863719757686 0.016387603361182026 0.9998572945250224 0.13024878369122656
1717 1726 0.9999879500141936 -0.001009384939495074 0.004833073168072844 11.004836136888253 0.000870075324232195 0.9995889344422818 0.028663611989835216 0.07746255851537207 -0.004859894015536597 -0.02865947845699104 0.9995774101756819 0.059677870784678295
1727 1736 0.9999781003494078 -0.002046968270990751 0.006445291804510855 10.90625438141484 0.0019719950832709434 0.999929056895309 0.011688629418624115 0.055186208954197714 -0.006468712855693421 -0.011676111308240896 0.9999108557794859 0.13769623121948724
1737 1746 0.9999515315062741 -0.009614426306712158 0.00226506656440022 10.503271890423205 0.009627896938938636 0.9999348597822134 -0.006061974628624368 0.08494920012267768 -0.002206696741024083 0.006083653164562406 0.9999790927035315 0.16009281048919577
1747 1757 0.999971432362354 0.006995137502173855 -0.0028120212765921112 10.885786225291014 -0.007046292111765217 0.9998045318957003 -0.018489951145031137 -0.035350529482272096 0.0026820084171641266 0.018509014646498963 0.9998250895924752 0.15779199702716526
1758 1768 0.9999967507918485 -0.00046988237064246976 -0.0022596795185528947 10.420899527890683 0.0005222166412986148 0.9997303143911302 0.023239260741105962 0.06338370911238728 0.0022488702022368245 -0.023240447996799106 0.9997273237131621 0.14712693278600378
1769 1779 0.9999046871552869 -0.013730565256835796 -0.0016394821574704649 10.164507745937925 0.01374986791934166 0.9998311041023424 0.01225613733492555 0.12273817075789326 0.0014713165252402515 -0.012277964262469397 0.999923414359627 0.10689418953818056
1780 1790 0.9999592940607446 -0.007803245501612969 0.004356369354362735 10.435386006625661 0.0077501774095382605 0.9998969601098829 0.01206482388748347 0.10665316685622231 -0.00444981157867516 -0.012029683457389449 0.9999177888439303 0.09561739336104434
1791 1800 0.9999744460385573 -0.0033182628523584076 0.006419748534022372 10.076427609143932 0.003344497444158894 0.9999869453142368 -0.003920428215005739 0.06240016797825713 -0.006406418756233719 0.00394131175355071 0.9999716859381477 0.030983546616412515
1801 1810 0.9998920609175214 -0.01207820912639707 -0.00834277586763427 10.916949088367316 0.012060244207498594 0.9999247543765402 -0.002267438562969774 0.14543503090525278 0.008369189387949212 0.0021673311338495237 0.9999626335466667 0.17403737952343795
1811 1819 0.9999781549386422 0.003974893471618379 0.005330227346304443 10.459018490913934 -0.004062396266447848 0.9998560469657743 0.01644797283669969 0.05507694311446889 -0.005264695116081405 -0.016469486808436188 0.999850633234451 0.05938112229742383
1820 1828 0.9999628373979934 0.008581695505519566 -0.0005385715689310179 11.209642339940308 -0.00858756934942186 0.9999133577912207 -0.010011794068878267 -0.016858814136946485 0.000452969511433758 0.010016246260040763 0.9999497290362586 0.09704884552601155
1829 1836 0.9999585930941948 -0.009095714069186226 -1.8641392920342123e-05 10.402583116053979 0.009095951114767407 0.9999573882022812 0.000583365966695846 0.07159199545834533 1.3297711546892518e-05 -0.0005835923513733082 0.999999878271168 0.05788979859675312
1837 1844 0.9999890956238268 -0.0006302374196484825 0.0044935194971120855 10.97157588774162 0.0005874687806390223 0.9999533321621706 0.009652811182118193 0.11387581096701799 -0.004498918710738534 -0.009650478876909065 0.9999433040770799 0.03827808402108318
1845 1852 0.9994410511087866 0.03205944276751317 0.009388587734203683 11.480009977259657 -0.03202787738755892 0.9994812070551021 -0.003467121030013111 -0.09468641707178727 -0.009494357883949478 0.0031649638439070703 0.9999498865763708 0.07472447546754214
1853 1860 0.9997654979389403 0.021605543671534028 -0.0010171401672620867 11.358205252348462 -0.021611424900112145 0.99974495817682 -0.0064713159438866295 -0.08694301670254521 0.0008762390873367745 0.0064920798931553175 0.9999786408679425 0.09003848649953425
1861 1868 0.9999222054133708 -0.005552690907065221 0.01117659354146565 11.194566835840469 0.005756740229349323 0.9998157625847612 -0.01829682700807937 0.017179333117606343 -0.011072866003687603 0.018359644337985703 0.99977009591785 0.0617888122808939
1869 1876 0.9999820516701345 -0.006012871965433631 0.0006912233039384605 11.04345817809138 0.006014986121068731 0.9999757819820171 -0.0036827261556393737 0.07258519453618059 -0.0006691738577751651 0.0036872654816138347 0.999992969649396 0.09984858485360375
1877 1884 0.9999630232358301 -0.0059859468250150795 0.006201165125157022 10.892723634112508 0.005879135439216605 0.9998373044521557 0.01704854364762244 0.10574442294396627 -0.006302456959118173 -0.017011343742051363 0.9998354536687727 0.10877256288680563
1885 1892 0.9999643712567646 -0.008322290141791538 -0.000686073692314188 10.806515560320502 0.008318366323348226 0.9999527568540881 -0.00505711453467071 0.1106295955067321 0.00072764766606698 0.005051375990909648 0.9999869967701563 0.08439295454197046
1893 1900 0.9999514983793374 -0.006269680265694621 0.007730547376394768 10.675328554285347 0.006454645504164005 0.9996865558303005 -0.02418108673972332 0.029792517059176505 -0.007575973416008813 0.024230604965367726 0.9996775737727844 0.045341722681882676
1901 1908 0.9999815647718778 0.002414500914379768 0.005497042268892107 10.427521742002524 -0.002394941075350104 0.9999907370494638 -0.0036011188274216164 -0.017519193587807638 -0.005505729021554967 0.0035874153372617698 0.9999784763895587 0.13095003622081536
1909 1916 0.9999401104417617 -0.0016833490309919256 -0.010875934384545446 10.19621963395699 0.0018075880901702247 0.9999333640970185 0.011433081663388887 0.069345537494841 0.010856298709425545 -0.011452815526761013 0.999875379172091 0.2168173439207557
1917 1924 0.9999984495174825 0.000418923844036148 0.0018965703436867893 10.039733584523177 -0.00040726204966464233 0.999981785593885 -0.005954726905745414 0.011233492395790934 -0.001898932041431996 0.005953566669862899 0.9999804347378812 0.08147774805351948
1925 1933 0.9999724893194473 -0.006794724146853068 0.003013717124433023 11.293714398052385 0.006803780763390124 0.9999734610159039 -0.002707842878783732 0.06818671027323933 -0.0029954226314456594 0.0027284315934131965 0.9999917581583011 0.11054911950380455
1934 1942 0.9999918839183511 -0.003223055857622676 0.002427990897327207 11.043861097788897 0.0031851205484948034 0.9998769440746095 0.015401753780713665 0.08819857474794818 -0.002477501497994421 -0.01539367969136448 0.999878441209409 0.14384573841142537
1943 1951 0.9999987410222133 -0.0016494404426624825 -0.0005829405255650918 10.777514356806144 0.001651463497099156 0.9999914743600985 0.0038646350051352533 0.06589483319032567 0.0005760294840327766 -0.0038654680310501056 0.9999924407453662 0.16276948229643956
1952 1960 0.9998569762717721 0.016734641634962744 0.0025423237572956207 10.467366477265987 -0.016753488698252196 0.9998312120011665 0.007446310618581359 -0.018812895629481498 -0.0024171064136144812 -0.007488350401743899 0.9999690791693637 0.1435001041194908
1961 1970 0.999903842460876 0.013869217013024258 -0.00012854860659647794 10.761720982640519 -0.013870154286255806 0.9998894999116587 -0.005211947319761034 -0.06385208990375907 5.575233075391696e-05 0.0052130096610135315 0.9999864281734181 0.14064495075193706
1971 1981 0.9968043444498582 -0.07950298508872013 0.007874254502779912 10.524309220723229 0.07928870089277644 0.9965481823856905 0.02458846308347105 0.4378798140306661 -0.009801659329637329 -0.02388535250496387 0.9996665952350282 0.12561668188116135
1982 1994 0.9393495432009864 -0.3429584062666578 0.0015908257183178155 10.108533302112363 0.34296131705082267 0.9393320054866969 -0.005679378347715011 1.8043857850297487 0.00045346767074995665 0.0058805179352309925 0.9999826147003691 0.1648364840515979
1995 2007 0.914729332571656 -0.40349744868714915 -0.02143196130009125 9.956003024711887 0.4036794528380594 0.9148873096457463 0.004796875696458106 2.3312327021631356 0.017672012505758037 -0.013039033264718688 0.9997588864578718 0.17421920894854726
2008 2019 0.9038107413590464 -0.4278844019329653 0.006552833707736615 10.669340844947898 0.4279033627259406 0.9038218225987014 -0.001999664430338798 2.556285452385839 -0.005067492290929713 0.004612052395891918 0.9999765273076204 0.08359804628515834
2020 2029 0.991049314050719 -0.13346488451188032 0.0027468572166115934 10.125576406792309 0.13345786126569498 0.9910511177939929 0.0022631927453557452 1.0508849907299957 -0.00302397818943572 -0.0018759616578996748 0.9999936609225784 0.03333845570505154
2030 2038 0.9997842774471187 -0.018977882562599996 -0.008371778678306102 10.133290761912173 0.01882579964586 0.9996628890657483 -0.01787856986382637 0.08952908563790787 0.008708836635518606 0.017716409861752002 0.999805011631973 0.0771214962125242
2039 2047 0.999615476503505 -0.02635182051417695 0.008705618704872893 10.960286782248406 0.026349429224463806 0.9996525212158891 0.00036914683739546183 0.18364944231398345 -0.008713067066962158 -0.00013941732181097503 0.999962065436978 0.02768117212863279
2048 2056 0.9999877863648161 -0.004067731479786491 0.0026703767136276573 11.30158710404579 0.004070743276390362 0.9999915349994868 -0.0012018129179039703 0.06107560887927674 -0.002665730019820026 0.0012124436269644212 0.9999957445886002 0.10334014155437801
2057 2065 0.999979741459445 -0.0008982465225682816 0.006328501883323023 11.397357018162975 0.0008959007332534988 1.0000001834200556 0.00045819676526738816 0.07444332786373606 -0.0063294427387054555 -0.000452190756469596 0.9999798455027106 0.1151684656988629
2066 2074 0.9999934217852356 0.0013887642614992472 0.0033953597823483247 11.285118059857247 -0.0013990608036032954 0.9999945212532111 0.0031867426107551598 0.04124737804766156 -0.0033911991346764012 -0.0031912688800306323 0.999989107485425 0.13697476699129393
2075 2083 0.9999902931062662 -0.0025123849225581413 0.0036900483523068916 11.08589259332491 0.002546933151888247 0.9999529118369394 -0.009417814539823528 0.03721970794664155 -0.003666796660091282 0.009426684643400487 0.9999488622067705 0.09780363482297569
2084 2092 0.9999513661153199 0.005510097482669126 -0.008215843781155877 10.939159101530581 -0.005569720445196591 0.9999582295765336 -0.007259806454566366 -0.00784961787011147 0.008175338573562233 0.007304789116861878 0.9999398415124768 0.14264556997723069
2129 2137 0.9999844807800692 -0.004757315894399772 -0.0028739656555618015 10.267354594896235 0.004769518593915238 0.9999805888401494 0.0038992719907050217 0.08763374876786321 0.002855427875894637 -0.003913399348173604 0.999988175899326 0.14862761302085895
2138 2146 0.999992428736165 -0.0010968152687019501 -0.0036896055044708925 10.09762338113399 0.0010932863854817396 0.999999102126789 -0.0009970740841881412 0.049974109234337254 0.0036906633367421895 0.0009925314682093316 0.9999926752954428 0.17746581720770563
2147 2156 0.9999952086598805 -0.0004015004945540911 0.002786800004889947 11.042873469133076 0.00038427850187959696 0.9999823291356615 0.006037500122022633 0.06531376751586884 -0.0027890011936780724 -0.006036538799600004 0.9999778217640669 0.11851782572803611
2157 2166 0.999982297320423 -0.004060745371029104 0.004251619395334667 10.712993819573102 0.004096115831493667 0.9999561528008954 -0.008454979045734029 0.05994329180317256 -0.004217340389950876 0.008472687762308669 0.9999551996540692 0.12003541428339944
2167 2176 0.9998686925386098 0.002151742699896067 0.01607501062612195 10.221686340494486 -0.002276058561333433 0.9999677717666786 0.007740664867963188 0.051531402899755545 -0.01605715173777331 -0.007775457437761483 0.9998407708595867 0.0778901241317848
2177 2187 0.9999909921367939 0.002802619569343053 0.0030918571851220973 10.069502548315272 -0.0028066030790928525 0.9999946404498455 0.0013043849450606049 0.04716493493101433 -0.0030889406034822525 -0.0013131329523202015 0.9999944813720038 0.14853795187520205
2188 2200 0.999989874892144 -0.0006640680276011488 0.004517882941110213 10.327910922561408 0.000657946354391634 0.9999986970972257 0.001279067591672471 0.06303587925998398 -0.004518347375683479 -0.0012765657127689907 0.9999889220238843 0.12113815372803582
2201 2217 0.9999875404165665 0.003924232367930691 -0.003018160100241834 10.617055815048644 -0.003931853423066802 0.9999889263101356 -0.0024799718715156935 0.04801528423824522 0.0030079859311702545 0.0024922747614454484 0.9999924109513173 0.18379836140351147
2218 2619 0.9998629621711488 -0.002815469741569117 -0.01632569014902094 10.456242350444711 0.002651625682750042 0.999945312158226 -0.010077064871107405 0.04356030933947041 0.0163532720235786 0.01003213830486985 0.9998159591273958 0.15000668763222114
2620 2638 0.9999522763138251 -0.0009508203757693911 -0.009783949184728361 10.488815162617378 0.0010614331360562716 0.9999341842538616 0.011346531284413843 0.08307290431882795 0.009772300909879215 -0.011356711112720243 0.9998878128810693 0.08866412005449037
2639 2652 0.9929775758579622 -0.1178968304518431 0.009768083393939411 10.511025212138424 0.11800980566394886 0.9929410765163222 -0.011888570599469983 0.5652475291879535 -0.00829740267962254 0.012957842231642808 0.9998816860966866 0.025797107388239152
2653 2664 0.9964342062787866 0.07975310051859037 0.027549407222206022 10.144706955266093 -0.08036767639412946 0.9965230236828407 0.021953569896458584 -0.09455225510358184 -0.02570300285701754 -0.024088894955875864 0.999379387549049 -0.12016706866457123
2665 2676 0.9861793310488682 0.16542413648637483 -0.009243786763933514 10.70461308974104 -0.16548338100148055 0.986195048907981 -0.0060142196524957375 -0.9985168768420581 0.008121508469450204 0.007460617064050423 0.9999391358859997 0.15894638743629957
2677 2688 0.9930034745581146 0.11751205499552748 -0.01164698584486761 10.63498195155939 -0.11786390057029188 0.992358576103897 -0.03651670261444523 -0.7029332183345822 0.007266662305904511 0.03763365232263613 0.9992652070442718 0.14842725390555464
2689 2699 0.9977501662479472 0.06683918017813303 0.005339612252992017 10.358438626762988 -0.06694735246807464 0.9974780155731429 0.023597470211856913 -0.3333706704471384 -0.003749193881551902 -0.02390139738559387 0.999707265666872 0.10372401351544733
2700 2709 0.9999965747878127 0.001952520118868564 -0.001404519967105631 10.107225685111368 -0.00195709057046177 0.999994116908572 -0.002800991358102384 0.004017073120322346 0.0013994391136192663 0.002802917304362335 0.9999950261016646 0.05207606486739624
2710 2719 0.9999989659565847 0.0009533776788724312 0.0012798596264574022 10.830654352717875 -0.0009547997646036496 0.9999982207269906 0.001834317931104015 0.04158848788565928 -0.00127787127233013 -0.0018355653633682092 0.999997472396126 0.04707697485714927
2720 2728 0.9998731384892312 -0.0060401915887566575 0.014763427314568789 10.101049258522842 0.006239818970226345 0.9998886928378338 -0.01353397538976149 0.047537424679920136 -0.014679404643240879 0.013624643123840034 0.9997993128724965 0.010158722643153185
2729 2738 0.9999991782878722 0.0011498410295091867 -0.00046892803569025546 11.190368331321434 -0.0011428469249977783 0.9998681903512227 0.01621647000673472 0.07818196503014423 0.0004878071516879731 -0.016216120117126556 0.9998683712549977 0.1481486018547697
2739 2748 0.9999947869775199 -0.002342915124575779 -0.0023631315032294634 10.92546812412575 0.00234996053204219 0.9999924730441946 0.0029525023710670686 0.04945625169811249 0.0023565935903209004 -0.0029587369789223603 0.9999927452858465 0.13882328152098217
2749 2758 0.9999762742756084 -0.0007496354414004473 0.006838997688150244 10.6807685710163 0.0007451271212249195 0.9999995456833951 0.0006235313781585135 0.06627364122074793 -0.006840061375562271 -0.000618002859847416 0.9999765271975555 0.07604906469514705
2759 2768 0.9999533873248923 -0.009191581108931571 -0.0028616346843350258 10.640927152559186 0.00922166749022964 0.9998995750083516 0.0107609519251469 0.11979777225380131 0.0027628227147598146 -0.01078684316979793 0.9999379973126378 0.16360983858954548
2769 2778 0.9999937514966473 -0.003440160595612141 0.0007034586436983292 10.67648627479511 0.0034365003739659033 0.9999786765968157 0.005516744775290465 0.11149874455855627 -0.0007228486179489406 -0.005513512248560934 0.999984584601766 0.12669021725746055
2779 2788 0.999991750189642 -0.0032191956752690536 0.0022735728248455952 10.678094947724125 0.0032300530862628875 0.9999814662455273 -0.005155650242892366 0.07281046183539873 -0.0022570012040979397 0.005163846103011805 0.9999841669610565 0.12006828393072072
2789 2798 0.9999974368932559 0.0015466859308175952 -0.0016859967155087926 10.603837326177086 -0.0015406779656324107 0.9999938990295754 0.00316004329445123 0.06572431527281732 0.0016906260166029874 -0.003157465922621415 0.9999937052729156 0.11692766436366012
2799 2808 0.9999860971469958 0.0016167231496790598 0.004983235684398805 10.57859237626906 -0.001613097253285809 0.9999983772359267 -0.000761568700118341 0.04925206618772056 -0.004984519427873332 0.000753454979986201 0.9999873882809659 0.08666560317777659
2809 2818 0.9999316015869231 0.011512620084367467 0.0020215088887930795 10.628710452095849 -0.01150392543143033 0.9999266740335881 -0.0038882786601133258 -0.006877021243215248 -0.002066615943074573 0.003864566531303653 0.9999904456093082 0.11666206409403959
2819 2828 0.9999816408408765 0.005324544722619546 -0.002936044465977278 10.76654854497472 -0.005316473971974392 0.9999820386928545 0.0027177759055663445 0.014107369717014156 0.0029502343986654513 -0.002701567764588423 0.9999921202013003 0.11434527478831687
2829 2838 0.9999801091175 0.005693829400894187 0.002870359644222067 11.01840185739638 -0.005700259821244532 0.999981399474476 0.0020869136454552363 0.03553265836218403 -0.0028583304474091675 -0.0021037007189982264 0.9999937272395305 0.08374614419252761
2839 2848 0.9999804542168008 0.005360128815024216 0.00314633312696529 11.289599001032633 -0.005342550155887491 0.9999678066005899 -0.006052281534321021 0.024363322439092287 -0.0031786699775929266 0.006035087068632204 0.9999766467143676 0.09335063162410949
2849 2857 0.9999664544147158 0.0009028812399287537 -0.008190857638731633 10.231366509667335 -0.0008890897209423001 0.999998222617405 0.001735882771225611 0.04225573941118086 0.008192648948704579 -0.0017279108797847592 0.9999649334914678 0.11684728034070534
2858 2866 0.9999148053712419 -0.012327707161954037 0.0043671384120757255 10.430809892804218 0.012388730576670412 0.9998225146750943 -0.014205919432565446 0.08195948105650167 -0.00419167937345648 0.014259142083668852 0.9998896128528725 0.06539251053434741
2867 2875 0.9999322489448693 -0.01143145444660306 0.002203996138426387 10.366021302759112 0.011429040605212716 0.9999339310917192 0.0009691462996734764 0.12019757312491758 -0.0022146032171164232 -0.0009439448163732103 0.9999971405893606 0.10730101847813098
2876 2884 0.9999946964678427 -0.0004029141443263565 0.0031130048871644694 10.176987843536931 0.00039719929198246895 0.9999989272479604 0.001703751414225978 0.055886418480953326 -0.003113989530551205 -0.001702625915040097 0.9999937261622147 0.10509154006028093
2885 2893 0.9999806211720185 0.006247972641721733 -0.001012000874913246 9.990266077182053 -0.006241843941349292 0.9999573423797444 0.0067733521376511395 0.03874479576352844 0.0010547717222100178 -0.0067667116972721635 0.9999764969312239 0.12605652659348385
2894 2902 0.9999718484835726 0.006401724210578825 0.003762052865030715 10.02268604012046 -0.006370130076600016 0.999944494138336 -0.008369949127258004 0.007914807378088435 -0.003814784257848883 0.008346135792827383 0.9999577906314318 0.0791786440041063
2903 2912 0.9999504453991611 0.00985523591862851 0.001473303592301803 11.183033529908535 -0.00984007795965325 0.9998955288174107 -0.010567089327976594 0.0059026680291862366 -0.0015778161040657843 0.010551997470730252 0.999943072173509 0.1281221187897114
2913 2922 0.9999948783666461 0.0007570870073244498 0.0033356705087054846 10.933216662172246 -0.0007649907236437284 0.9999968138455063 0.002452218977128028 0.030428596957862566 -0.003333928649301598 -0.0024545219328882084 0.9999914566902759 0.13592093600601093
2923 2932 0.9998463609800592 -0.017487920856471308 -0.0005934017998853967 10.67584266383039 0.017493156147635896 0.99980360979126 0.009286733183425672 0.1694566486264743 0.0004308628588244941 -0.009296448088895976 0.9999567551160896 0.13270986216786873
2933 2942 0.9999857362102056 0.0002035673830792696 0.005374301911858779 10.318264213298399 -0.00019483751257215844 0.9999984910605653 -0.0016095210230618073 0.06952995307106632 -0.005374237573165622 0.001608791907561691 0.9999842401393789 0.1366237350478326
2943 2953 0.99999995437048 3.65506956218942e-05 -0.00025384276537778665 10.847744913892198 -3.6868489067980334e-05 0.9999991304459467 -0.0013419006422574643 0.042147233642422344 0.0002537424710866032 0.0013412070804427346 0.9999989956255911 0.157324714539453
2954 2964 0.9999733651288392 -0.006281858139926999 0.003654628045528909 10.066571747149826 0.006278617094037159 0.9999794917697991 0.0009571273992781699 0.10696905184686167 -0.0036604824782933885 -0.000934225876010281 0.9999928856272838 0.1088538395671923
2965 2976 0.999993390763592 -0.0034970200047863176 0.0008965355293479479 10.417087536468111 0.0034989902933634113 0.9999931563479899 -0.0011027490476015571 0.06306235075742157 -0.0008925401054267449 0.0011058019545634608 0.9999989910782313 0.13895861869914877
2977 2988 0.9999881853764053 -0.004496738852473642 0.0016598676447210502 10.14063144677727 0.004496283972289996 0.9999890294327803 0.0006832359796709567 0.09730004251964675 -0.001662767128728849 -0.0006752863584070975 0.9999983890471112 0.12996825919457622
2989 3001 0.9999865237748539 0.0038924514597997793 0.003514871973824085 10.607132195897318 -0.003888642289069287 0.9999923775474717 -0.0008940328065096188 0.03671442591536661 -0.003518185083893305 0.0008803812594405492 0.9999933954746784 0.13619757715142283
3002 3015 0.9999860459499598 -0.005010975909298703 -0.0017994882771324874 10.222601942599564 0.005009813306564907 0.9999874775792766 -0.0004943895006167491 0.06270660424387933 0.001801802407577872 0.00048552634669842926 0.999998261598014 0.16408659172129447
3016 3030 0.999991401356452 -0.004287543236827268 0.0007374954484688853 10.543366077945423 0.004289330916417999 0.9999882330273545 -0.002183626216354565 0.10139577445152151 -0.0007282997810545644 0.0021864563222869647 0.9999972957946665 0.1481337922725197
3031 3044 0.9999723742668486 -0.00703700197493871 -0.002113284677566912 10.277223645995585 0.007041877671990328 0.9999724458563384 0.0019446220339548567 0.09387495561620132 0.002099700058395757 -0.00195907214463618 0.9999958945463773 0.11492813054614992
3045 3057 0.9999981756301252 -0.001506642937859006 0.0007902480424321184 10.49804927696131 0.0015027047518039898 0.9999876349508184 0.00465401285697095 0.0711939001125777 -0.0007972605364144035 -0.004653249625829614 0.9999888179249165 0.08263456464510571
3058 3069 0.9999930798772664 0.0024273158438167432 0.002850301217440891 10.408576724880902 -0.0024376016169423967 0.9999913644729209 0.0034331199825686173 0.04856107737204502 -0.002842281480448722 -0.003439627443205752 0.9999900322189307 0.049388358439588956
3070 3080 0.9999949272538489 6.703062507684329e-05 0.0031460978873998307 9.963338864714816 -6.205101823169405e-05 0.9999975912526746 -0.0017046546463790819 0.05643287778235474 -0.0031463840791880688 0.0017041553360087284 0.9999936075905476 0.08746858055406777
3081 3091 0.9999997841795542 -0.0008496805743041524 -0.00035021935403937456 10.592408362307363 0.0008438374467651014 0.9998814630259052 -0.01536570753450246 0.029946695979739986 0.00036284552246370987 0.015365477645520834 0.9998818886122252 0.10380370890142605
3092 3101 0.9999955394226091 0.001278532138819348 0.0026881147154314967 10.29855404671653 -0.0012777073749513247 0.9999990750338688 -0.00022969559223975323 0.03505326124878897 -0.002688659798203101 0.00022624297488756426 0.9999963054992048 0.04592909234265991
3102 3111 0.9999727926782715 0.001678500980258495 -0.007209338525824115 11.051951252199833 -0.001563017516407266 0.999870452859301 0.016020407157045134 0.06821289083314003 0.007235409497145854 -0.016008332450912693 0.9998457273646304 0.11571715612826972
3112 3120 0.9999862342525939 -0.002497668318014181 0.004661994954871884 10.476922383892747 0.0025449945492116077 0.9999456395527943 -0.010183360558164642 0.05294926971852128 -0.004636858764402641 0.010195932714833567 0.9999373884394197 0.051140026643142024
3121 3129 0.9999990221074723 -0.0006073902275919473 -0.0011949540978716511 10.887180046032558 0.000605199358645131 0.9999992291582779 -0.0012240625302160218 0.05558123506714964 0.0011962259110688102 0.0012241554905779643 0.9999984712870388 0.10488546574713586
3130 3138 0.9999983367947214 0.0014641839394943538 -6.451797863051016e-05 11.182756101629636 -0.0014642167615797903 0.9999915352767071 0.003816190813522162 0.049658952763843224 7.039093867401018e-05 -0.003816000877169824 0.9999927245328101 0.10855525738482545
3139 3147 0.9999894675253725 -0.00033532385791796996 0.004600143889714428 11.365320699350193 0.0003569875222318027 0.9999880066047092 -0.0047145916318693205 0.05998744779667686 -0.004598658768903296 0.004716566466566153 0.999978313414835 0.0953541033652173
3148 3156 0.9999934865455268 -0.003136865267145128 0.0012275680347265533 11.394220153717455 0.003124770030389409 0.9999376142411308 0.010744153201639647 0.09562041602524696 -0.0012607525530366937 -0.010739591558560219 0.9999415224569864 0.14124630957924178
3157 3165 0.9999845835006889 -0.0017350792705064112 0.005246560107305432 11.329323370563836 0.0017800078061231146 0.9999605237011633 -0.008764676397096287 0.06008691834182278 -0.005230752883808821 0.008774174077487183 0.9999478174362298 0.11992571796252122
3166 3174 0.9999990148662253 -0.0007509713416818378 -0.0017874521816061088 11.1541203286927 0.0007451785126515379 0.99999334005084 -0.0036028417458032007 0.061049396889423554 0.0017901352968266787 0.003601355390707479 0.9999919369748029 0.17303880158829185
3175 3183 0.9999923694715467 7.441530594439156e-05 0.0039989377606037 10.941633679158583 -6.496706685274098e-05 0.9999978481521912 -0.002174741460095112 0.05167113259568476 -0.003999201459412612 0.0021743934835477398 0.999989655167828 0.12275078056188293
3184 3192 0.9999883540480471 0.0013606064465781006 -0.004541028718955831 10.593268303901826 -0.0013382165641457667 0.9999871056136582 0.004859792377849956 0.05525199868722868 0.004547264004543929 -0.004854114760681659 0.9999779761520751 0.1526951281455262
3193 3201 0.9998222370342367 0.018612493934605498 -0.003280577817754303 10.2872513430051 -0.018628623541692323 0.9998123460171022 -0.0051868609246007264 -0.05283851646791592 0.0031833147456956806 0.00524700446572085 0.9999812621011157 0.13259207037931556
3202 3211 0.9999894255415425 -0.0012132418057362758 0.0043807828804991135 11.18021529566013 0.0012385278616347782 0.999981949067755 -0.005999248652623543 0.046469730783492175 -0.0043736714221233415 0.006004680518426493 0.9999724085334917 0.1264987058342583
3212 3222 0.9997372347494209 0.022087332674592453 0.006153723846179771 10.921686336701358 -0.02208910540619028 0.9997556260202414 0.00013909753943795733 -0.005394846038328406 -0.006149658525883834 -0.0002745016393142279 0.9999810669083383 0.16128869066916987
3223 3236 0.9991847091120811 0.03975952286434111 -0.007068015764164663 10.411647581754144 -0.03982894415225167 0.9991573146834418 -0.00990618068193993 -0.2299809994041312 0.0066688160685696544 0.010179884739518483 0.9999258359476189 0.198274731262525
3237 3256 0.9809613869620001 0.19418124473196519 0.003021961523316031 10.3568962537241 -0.19420352283995873 0.9808010555616559 0.017700636606315955 -0.3784539423635909 0.00047271731646041147 -0.017950222450351452 0.9998387823475379 0.16253243861494598
3257 3291 0.37011615932100383 0.9288268062739992 0.01715455901105435 8.062581440626904 -0.9289728509683703 0.3699573119071093 0.0118364511824448 -6.350841807942486 0.0046475073817632715 -0.020317878307019036 0.9997828712373451 0.2015388360361759
3292 3311 0.9909100543692683 0.1343876249223749 -0.006130297824955757 9.867334927221128 -0.134405932709721 0.9909231277406205 -0.002665366096164196 -1.2995635370944594 0.005716609523932273 0.003464264699735416 0.999977661033639 0.07030532995195647
3312 3326 0.9998485174205073 -0.016661876368399216 0.005010321014047828 10.471775688232059 0.016661362922964294 0.9998616499602375 5.048613741109112e-05 0.22184355700317157 -0.005010416062576193 3.310201764110135e-05 0.9999875078822644 -0.009856327995426503
3327 3339 0.9999002794009545 0.008055723203318151 0.011628497624270054 10.31103332924867 -0.00808775387134072 0.9999633458160361 0.0027771787122070827 0.021848082701921817 -0.011605956383965867 -0.002871376607029508 0.9999285201597888 0.12208145358534342
3340 3352 0.9999490237579752 0.006482685880532014 -0.00772935526991904 10.251586350290895 -0.006450499061539237 0.9999700648154748 0.004277159625698453 0.030431272160601496 0.007756571156339478 -0.004227471437741441 0.9999610490419736 0.1709302560520968
3353 3367 0.9996572290947613 0.02457248023665809 0.00904939385598435 10.489962132063935 -0.024594056512171916 0.9996955456485578 0.002299730693011568 -0.03925404682679051 -0.008990323521129712 -0.0025208817834802915 0.9999564049982486 0.12403776421373555
3368 3387 0.9993705052117421 -0.03452219881120218 -0.008212007383716073 10.355395857198925 0.034515765968395 0.9994041725402367 -0.0008913647544926631 0.18501774934070211 0.00823739443573728 0.0006074661009256144 0.9999658914834719 0.20303019975546063
3388 3417 0.9128485944825928 -0.40827201267537333 0.004526534048102736 10.030582601259933 0.4082318220075858 0.9124467918138297 -0.028050006751657988 1.7603299320435304 0.00732196397195584 0.02745337362742482 0.9995961912099017 0.09436386849231071
3418 3471 0.7746300432556321 0.632412959678017 0.001552543133433337 8.690500329073021 -0.6318534783758786 0.7738386442494124 0.04399992130931931 -4.756775194840684 0.02662468647345931 -0.03506564922551093 0.9990303456904663 0.12387472524611814
3472 3491 0.9838862318358593 -0.176947636934495 0.0256223023623237 10.108230954538696 0.17721929144919443 0.984132774283947 -0.008726649434745135 1.3769142694238798 -0.023671278686333022 0.013126948958411756 0.9996335441110897 -0.10433600722056592
3492 3510 0.9999814522913023 0.0036912195562193236 -0.005000302095444393 10.236734053651686 -0.003743031832490181 0.9999390344010525 -0.010474024753546448 -0.12038776877845593 0.0049609232145523385 0.010492780688173236 0.9999326663399798 0.1622534700707399
